1,2,-150,69
1,2,-149,69
1,2,-148,69
1,2,-147,69
1,3,-150,69
1,3,-147,69
1,3,-146,69
1,3,-145,69
1,3,-144,69
1,3,-132,69
1,3,-131,69
1,3,-130,69
1,3,-113,69
1,3,-112,69
1,3,-111,69
1,3,-110,69
1,3,-109,69
1,3,-108,69
1,3,-107,69
1,3,-106,69
1,3,-105,69
1,3,-104,69
1,3,-103,69
1,3,-102,69
1,4,-150,69
1,4,-149,69
1,4,-144,69
1,4,-143,69
1,4,-142,69
1,4,-141,69
1,4,-134,69
1,4,-133,69
1,4,-132,69
1,4,-130,69
1,4,-129,69
1,4,-128,69
1,4,-127,69
1,4,-115,69
1,4,-114,69
1,4,-113,69
1,4,-102,69
1,4,-101,69
1,4,-100,69
1,4,-99,69
1,4,-98,69
1,4,-97,69
1,4,-96,69
1,4,-95,69
1,4,-94,69
1,4,-93,69
1,5,-149,69
1,5,-148,69
1,5,-147,69
1,5,-146,69
1,5,-145,69
1,5,-144,69
1,5,-143,69
1,5,-142,69
1,5,-141,69
1,5,-140,69
1,5,-139,69
1,5,-138,69
1,5,-137,69
1,5,-136,69
1,5,-135,69
1,5,-134,69
1,5,-126,69
1,5,-125,69
1,5,-117,69
1,5,-116,69
1,5,-115,69
1,5,-104,69
1,5,-103,69
1,5,-102,69
1,5,-101,69
1,5,-100,69
1,5,-99,69
1,5,-98,69
1,5,-97,69
1,5,-95,69
1,5,-92,69
1,5,-91,69
1,5,-90,69
1,6,-146,69
1,6,-145,69
1,6,-144,69
1,6,-136,69
1,6,-134,69
1,6,-133,69
1,6,-132,69
1,6,-131,69
1,6,-130,69
1,6,-125,69
1,6,-120,69
1,6,-119,69
1,6,-118,69
1,6,-117,69
1,6,-106,69
1,6,-105,69
1,6,-104,69
1,6,-95,69
1,6,-94,69
1,6,-90,69
1,6,-89,69
1,7,-146,69
1,7,-144,69
1,7,-143,69
1,7,-142,69
1,7,-128,69
1,7,-127,69
1,7,-126,69
1,7,-125,69
1,7,-124,69
1,7,-123,69
1,7,-122,69
1,7,-121,69
1,7,-120,69
1,7,-114,69
1,7,-113,69
1,7,-112,69
1,7,-111,69
1,7,-110,69
1,7,-109,69
1,7,-108,69
1,7,-107,69
1,7,-106,69
1,7,-105,69
1,7,-104,69
1,7,-103,69
1,7,-102,69
1,7,-101,69
1,7,-100,69
1,7,-98,69
1,7,-97,69
1,7,-96,69
1,7,-94,69
1,7,-93,69
1,7,-89,69
1,7,-88,69
1,8,-150,69
1,8,-146,69
1,8,-142,69
1,8,-141,69
1,8,-140,69
1,8,-139,69
1,8,-138,69
1,8,-137,69
1,8,-136,69
1,8,-135,69
1,8,-134,69
1,8,-133,69
1,8,-132,69
1,8,-131,69
1,8,-130,69
1,8,-129,69
1,8,-128,69
1,8,-125,69
1,8,-122,69
1,8,-121,69
1,8,-120,69
1,8,-119,69
1,8,-118,69
1,8,-117,69
1,8,-116,69
1,8,-115,69
1,8,-114,69
1,8,-113,69
1,8,-112,69
1,8,-111,69
1,8,-110,69
1,8,-109,69
1,8,-108,69
1,8,-107,69
1,8,-106,69
1,8,-97,69
1,8,-96,69
1,8,-95,69
1,8,-94,69
1,8,-93,69
1,8,-88,69
1,9,-153,69
1,9,-150,69
1,9,-149,69
1,9,-147,69
1,9,-141,69
1,9,-140,69
1,9,-135,69
1,9,-133,69
1,9,-132,69
1,9,-131,69
1,9,-130,69
1,9,-129,69
1,9,-128,69
1,9,-127,69
1,9,-126,69
1,9,-125,69
1,9,-124,69
1,9,-123,69
1,9,-122,69
1,9,-119,69
1,9,-106,69
1,9,-105,69
1,9,-102,69
1,9,-97,69
1,9,-94,69
1,9,-93,69
1,9,-92,69
1,9,-88,69
1,10,-153,69
1,10,-149,69
1,10,-148,69
1,10,-147,69
1,10,-140,69
1,10,-139,69
1,10,-135,69
1,10,-134,69
1,10,-133,69
1,10,-128,69
1,10,-127,69
1,10,-126,69
1,10,-125,69
1,10,-124,69
1,10,-120,69
1,10,-105,69
1,10,-104,69
1,10,-102,69
1,10,-98,69
1,10,-97,69
1,10,-92,69
1,10,-91,69
1,10,-90,69
1,10,-88,69
1,10,-87,69
1,11,-153,69
1,11,-148,69
1,11,-147,69
1,11,-146,69
1,11,-143,69
1,11,-142,69
1,11,-141,69
1,11,-140,69
1,11,-135,69
1,11,-124,69
1,11,-123,69
1,11,-120,69
1,11,-104,69
1,11,-102,69
1,11,-100,69
1,11,-99,69
1,11,-98,69
1,11,-92,69
1,11,-91,69
1,11,-90,69
1,11,-87,69
1,12,-153,69
1,12,-148,69
1,12,-146,69
1,12,-145,69
1,12,-144,69
1,12,-143,69
1,12,-142,69
1,12,-141,69
1,12,-140,69
1,12,-139,69
1,12,-138,69
1,12,-137,69
1,12,-136,69
1,12,-135,69
1,12,-134,69
1,12,-133,69
1,12,-131,69
1,12,-128,69
1,12,-127,69
1,12,-126,69
1,12,-125,69
1,12,-124,69
1,12,-123,69
1,12,-122,69
1,12,-121,69
1,12,-120,69
1,12,-119,69
1,12,-118,69
1,12,-117,69
1,12,-116,69
1,12,-115,69
1,12,-114,69
1,12,-113,69
1,12,-112,69
1,12,-111,69
1,12,-110,69
1,12,-109,69
1,12,-108,69
1,12,-107,69
1,12,-106,69
1,12,-105,69
1,12,-104,69
1,12,-103,69
1,12,-102,69
1,12,-101,69
1,12,-91,69
1,12,-90,69
1,12,-87,69
1,13,-153,69
1,13,-152,69
1,13,-148,69
1,13,-145,69
1,13,-144,69
1,13,-143,69
1,13,-142,69
1,13,-138,69
1,13,-137,69
1,13,-134,69
1,13,-133,69
1,13,-124,69
1,13,-123,69
1,13,-122,69
1,13,-121,69
1,13,-120,69
1,13,-119,69
1,13,-118,69
1,13,-115,69
1,13,-114,69
1,13,-113,69
1,13,-112,69
1,13,-111,69
1,13,-110,69
1,13,-109,69
1,13,-106,69
1,13,-105,69
1,13,-104,69
1,13,-103,69
1,13,-102,69
1,13,-101,69
1,13,-91,69
1,13,-90,69
1,13,-87,69
1,14,-154,69
1,14,-153,69
1,14,-152,69
1,14,-148,69
1,14,-146,69
1,14,-145,69
1,14,-137,69
1,14,-136,69
1,14,-133,69
1,14,-132,69
1,14,-131,69
1,14,-130,69
1,14,-128,69
1,14,-127,69
1,14,-126,69
1,14,-125,69
1,14,-124,69
1,14,-123,69
1,14,-122,69
1,14,-121,69
1,14,-120,69
1,14,-119,69
1,14,-118,69
1,14,-117,69
1,14,-116,69
1,14,-108,69
1,14,-106,69
1,14,-105,69
1,14,-103,69
1,14,-102,69
1,14,-101,69
1,14,-91,69
1,14,-90,69
1,14,-87,69
1,15,-155,69
1,15,-154,69
1,15,-152,69
1,15,-148,69
1,15,-147,69
1,15,-146,69
1,15,-138,69
1,15,-137,69
1,15,-135,69
1,15,-132,69
1,15,-131,69
1,15,-130,69
1,15,-129,69
1,15,-128,69
1,15,-127,69
1,15,-126,69
1,15,-125,69
1,15,-124,69
1,15,-123,69
1,15,-122,69
1,15,-121,69
1,15,-120,69
1,15,-119,69
1,15,-117,69
1,15,-116,69
1,15,-109,69
1,15,-108,69
1,15,-107,69
1,15,-103,69
1,15,-102,69
1,15,-100,69
1,15,-91,69
1,15,-90,69
1,15,-87,69
1,16,-155,69
1,16,-152,69
1,16,-151,69
1,16,-148,69
1,16,-147,69
1,16,-141,69
1,16,-140,69
1,16,-139,69
1,16,-138,69
1,16,-137,69
1,16,-136,69
1,16,-135,69
1,16,-134,69
1,16,-133,69
1,16,-132,69
1,16,-131,69
1,16,-130,69
1,16,-129,69
1,16,-128,69
1,16,-127,69
1,16,-126,69
1,16,-125,69
1,16,-124,69
1,16,-123,69
1,16,-122,69
1,16,-121,69
1,16,-120,69
1,16,-119,69
1,16,-118,69
1,16,-117,69
1,16,-116,69
1,16,-115,69
1,16,-114,69
1,16,-110,69
1,16,-109,69
1,16,-108,69
1,16,-107,69
1,16,-106,69
1,16,-103,69
1,16,-102,69
1,16,-100,69
1,16,-90,69
1,16,-89,69
1,16,-87,69
1,17,-156,69
1,17,-155,69
1,17,-151,69
1,17,-148,69
1,17,-147,69
1,17,-141,69
1,17,-140,69
1,17,-139,69
1,17,-138,69
1,17,-137,69
1,17,-136,69
1,17,-135,69
1,17,-134,69
1,17,-133,69
1,17,-132,69
1,17,-131,69
1,17,-130,69
1,17,-129,69
1,17,-128,69
1,17,-127,69
1,17,-126,69
1,17,-125,69
1,17,-122,69
1,17,-121,69
1,17,-120,69
1,17,-119,69
1,17,-118,69
1,17,-117,69
1,17,-116,69
1,17,-115,69
1,17,-114,69
1,17,-109,69
1,17,-108,69
1,17,-106,69
1,17,-105,69
1,17,-104,69
1,17,-103,69
1,17,-102,69
1,17,-100,69
1,17,-99,69
1,17,-90,69
1,17,-89,69
1,17,-87,69
1,18,-156,69
1,18,-151,69
1,18,-148,69
1,18,-147,69
1,18,-138,69
1,18,-137,69
1,18,-136,69
1,18,-135,69
1,18,-133,69
1,18,-132,69
1,18,-129,69
1,18,-128,69
1,18,-127,69
1,18,-126,69
1,18,-125,69
1,18,-124,69
1,18,-123,69
1,18,-122,69
1,18,-121,69
1,18,-120,69
1,18,-117,69
1,18,-116,69
1,18,-115,69
1,18,-114,69
1,18,-113,69
1,18,-112,69
1,18,-111,69
1,18,-110,69
1,18,-109,69
1,18,-105,69
1,18,-104,69
1,18,-103,69
1,18,-102,69
1,18,-99,69
1,18,-91,69
1,18,-90,69
1,18,-89,69
1,18,-88,69
1,18,-87,69
1,19,-156,69
1,19,-155,69
1,19,-151,69
1,19,-147,69
1,19,-139,69
1,19,-138,69
1,19,-137,69
1,19,-135,69
1,19,-134,69
1,19,-132,69
1,19,-131,69
1,19,-130,69
1,19,-129,69
1,19,-128,69
1,19,-127,69
1,19,-120,69
1,19,-114,69
1,19,-113,69
1,19,-103,69
1,19,-102,69
1,19,-101,69
1,19,-100,69
1,19,-99,69
1,19,-98,69
1,19,-92,69
1,19,-91,69
1,19,-90,69
1,19,-89,69
1,19,-88,69
1,20,-155,69
1,20,-151,69
1,20,-150,69
1,20,-147,69
1,20,-146,69
1,20,-139,69
1,20,-137,69
1,20,-134,69
1,20,-133,69
1,20,-131,69
1,20,-130,69
1,20,-120,69
1,20,-118,69
1,20,-113,69
1,20,-112,69
1,20,-103,69
1,20,-102,69
1,20,-100,69
1,20,-99,69
1,20,-98,69
1,20,-97,69
1,20,-96,69
1,20,-95,69
1,20,-94,69
1,20,-93,69
1,20,-92,69
1,20,-91,69
1,20,-88,69
1,20,-87,69
1,21,-155,69
1,21,-150,69
1,21,-147,69
1,21,-146,69
1,21,-145,69
1,21,-139,69
1,21,-137,69
1,21,-136,69
1,21,-133,69
1,21,-132,69
1,21,-130,69
1,21,-129,69
1,21,-123,69
1,21,-122,69
1,21,-121,69
1,21,-119,69
1,21,-118,69
1,21,-117,69
1,21,-116,69
1,21,-115,69
1,21,-114,69
1,21,-113,69
1,21,-112,69
1,21,-111,69
1,21,-110,69
1,21,-109,69
1,21,-108,69
1,21,-107,69
1,21,-106,69
1,21,-105,69
1,21,-104,69
1,21,-103,69
1,21,-102,69
1,21,-87,69
1,22,-155,69
1,22,-154,69
1,22,-150,69
1,22,-149,69
1,22,-146,69
1,22,-145,69
1,22,-144,69
1,22,-139,69
1,22,-138,69
1,22,-137,69
1,22,-136,69
1,22,-132,69
1,22,-130,69
1,22,-129,69
1,22,-128,69
1,22,-127,69
1,22,-126,69
1,22,-125,69
1,22,-124,69
1,22,-123,69
1,22,-122,69
1,22,-121,69
1,22,-120,69
1,22,-119,69
1,22,-118,69
1,22,-117,69
1,22,-116,69
1,22,-115,69
1,22,-114,69
1,22,-113,69
1,22,-112,69
1,22,-111,69
1,22,-110,69
1,22,-109,69
1,22,-108,69
1,22,-107,69
1,22,-106,69
1,22,-103,69
1,22,-102,69
1,22,-101,69
1,22,-87,69
1,22,-86,69
1,23,-154,69
1,23,-149,69
1,23,-146,69
1,23,-144,69
1,23,-143,69
1,23,-142,69
1,23,-141,69
1,23,-139,69
1,23,-137,69
1,23,-136,69
1,23,-135,69
1,23,-134,69
1,23,-133,69
1,23,-132,69
1,23,-131,69
1,23,-130,69
1,23,-128,69
1,23,-127,69
1,23,-126,69
1,23,-125,69
1,23,-118,69
1,23,-117,69
1,23,-111,69
1,23,-110,69
1,23,-104,69
1,23,-103,69
1,23,-101,69
1,23,-86,69
1,24,-154,69
1,24,-149,69
1,24,-148,69
1,24,-140,69
1,24,-139,69
1,24,-138,69
1,24,-137,69
1,24,-136,69
1,24,-135,69
1,24,-134,69
1,24,-133,69
1,24,-132,69
1,24,-131,69
1,24,-130,69
1,24,-129,69
1,24,-126,69
1,24,-125,69
1,24,-124,69
1,24,-123,69
1,24,-122,69
1,24,-121,69
1,24,-120,69
1,24,-119,69
1,24,-118,69
1,24,-113,69
1,24,-110,69
1,24,-109,69
1,24,-108,69
1,24,-107,69
1,24,-106,69
1,24,-105,69
1,24,-104,69
1,24,-101,69
1,24,-100,69
1,24,-86,69
1,25,-154,69
1,25,-148,69
1,25,-147,69
1,25,-139,69
1,25,-135,69
1,25,-134,69
1,25,-106,69
1,25,-105,69
1,25,-100,69
1,25,-86,69
1,26,-154,69
1,26,-147,69
1,26,-139,69
1,26,-134,69
1,26,-133,69
1,26,-132,69
1,26,-131,69
1,26,-130,69
1,26,-129,69
1,26,-123,69
1,26,-100,69
1,26,-86,69
1,26,-85,69
1,27,-154,69
1,27,-147,69
1,27,-146,69
1,27,-140,69
1,27,-139,69
1,27,-129,69
1,27,-128,69
1,27,-127,69
1,27,-126,69
1,27,-125,69
1,27,-124,69
1,27,-122,69
1,27,-121,69
1,27,-120,69
1,27,-119,69
1,27,-118,69
1,27,-117,69
1,27,-116,69
1,27,-99,69
1,27,-86,69
1,27,-85,69
1,28,-154,69
1,28,-153,69
1,28,-146,69
1,28,-141,69
1,28,-140,69
1,28,-123,69
1,28,-122,69
1,28,-121,69
1,28,-120,69
1,28,-119,69
1,28,-118,69
1,28,-117,69
1,28,-116,69
1,28,-115,69
1,28,-114,69
1,28,-113,69
1,28,-112,69
1,28,-111,69
1,28,-110,69
1,28,-109,69
1,28,-102,69
1,28,-101,69
1,28,-100,69
1,28,-99,69
1,28,-87,69
1,28,-86,69
1,29,-153,69
1,29,-152,69
1,29,-151,69
1,29,-146,69
1,29,-117,69
1,29,-116,69
1,29,-115,69
1,29,-114,69
1,29,-109,69
1,29,-108,69
1,29,-107,69
1,29,-106,69
1,29,-105,69
1,29,-104,69
1,29,-103,69
1,29,-102,69
1,29,-88,69
1,29,-87,69
1,30,-151,69
1,30,-150,69
1,30,-146,69
1,30,-145,69
1,30,-144,69
1,30,-120,69
1,30,-119,69
1,30,-118,69
1,30,-117,69
1,30,-89,69
1,30,-88,69
1,31,-150,69
1,31,-149,69
1,31,-143,69
1,31,-142,69
1,31,-141,69
1,31,-140,69
1,31,-139,69
1,31,-124,69
1,31,-123,69
1,31,-122,69
1,31,-121,69
1,31,-120,69
1,31,-91,69
1,31,-90,69
1,31,-89,69
1,32,-149,69
1,32,-148,69
1,32,-139,69
1,32,-138,69
1,32,-137,69
1,32,-136,69
1,32,-135,69
1,32,-134,69
1,32,-133,69
1,32,-132,69
1,32,-131,69
1,32,-130,69
1,32,-129,69
1,32,-128,69
1,32,-127,69
1,32,-126,69
1,32,-125,69
1,32,-124,69
1,32,-93,69
1,32,-92,69
1,32,-91,69
1,33,-148,69
1,33,-115,69
1,33,-114,69
1,33,-113,69
1,33,-112,69
1,33,-95,69
1,33,-94,69
1,33,-93,69
1,34,-148,69
1,34,-147,69
1,34,-146,69
1,34,-145,69
1,34,-144,69
1,34,-143,69
1,34,-142,69
1,34,-141,69
1,34,-140,69
1,34,-120,69
1,34,-119,69
1,34,-118,69
1,34,-117,69
1,34,-116,69
1,34,-115,69
1,34,-112,69
1,34,-110,69
1,34,-109,69
1,34,-108,69
1,34,-107,69
1,34,-106,69
1,34,-105,69
1,34,-104,69
1,34,-103,69
1,34,-102,69
1,34,-101,69
1,34,-100,69
1,34,-99,69
1,34,-98,69
1,34,-97,69
1,34,-96,69
1,34,-95,69
1,35,-139,69
1,35,-138,69
1,35,-137,69
1,35,-136,69
1,35,-135,69
1,35,-134,69
1,35,-133,69
1,35,-132,69
1,35,-131,69
1,35,-130,69
1,35,-129,69
1,35,-128,69
1,35,-127,69
1,35,-126,69
1,35,-125,69
1,35,-124,69
1,35,-123,69
1,35,-122,69
1,35,-121,69
1,35,-120,69
