,61,76,7676,61,61,61,76,76,76,76,76,65,65,-1,-1,-1,-1,-1,-1,-1,-1,-1,-1,-1,-1,-1,-1,-1,-1,-1,-1,-1,-1,-1,-1,-1,-1,-1,-1,-1,-1,-1,-1,-1,-1,-1,-1,-1,-1,-1,-1,-1,-1,61
76,61,76,76,76,61,61,76,76,76,76,76,76,76,65,-1,-1,76,-1,-1,-1,61,61,61,61,61,-1,-1,-1,-1,-1,-1,-1,-1,-1,-1,-1,-1,-1,-1,-1,-1,-1,-1,-1,-1,-1,-1,-1,-1,-1,-1,-1,-1,-1
76,76,76,61,61,61,76,61,61,76,76,76,76,76,76,-1,-1,76,61,61,61,-1,-1,-1,-1,61,61,61,-1,-1,-1,-1,-1,-1,-1,-1,-1,-1,-1,-1,-1,-1,-1,-1,-1,-1,-1,-1,-1,-1,-1,-1,-1,-1,-1
61,61,76,76,76,61,61,76,76,76,65,65,76,-1,-1,61,61,-1,-1,-1,-1,-1,-1,-1,-1,61,61,-1,-1,-1,-1,-1,-1,-1,-1,-1,-1,-1,-1,-1,-1,-1,-1,-1,-1,-1,-1,-1,-1,-1,-1,-1,-1
61,61,61,61,76,76,61,61,76,76,76,76,65,76,76,61,61,76,-1,-1,-1,-1,-1,-1,-1,-1,-1,-1,-1,61,-1,-1,-1,-1,-1,-1,-1,-1,-1,-1,-1,-1,-1,-1,-1,-1,-1,-1,-1,-1,-1,-1,-1,-1,-1
76,76,61,61,61,61,61,61,61,61,61,61,76,61,61,76,61,61,61,61,61,-1,61,61,65,61,61,-1,-1,76,-1,-1,-1,61,-1,-1,-1,-1,-1,-1,-1,-1,-1,-1,-1,-1,-1,-1,-1,-1,-1,-1,-1,-1,-1,-1,-1,-1
76,61,61,61,61,61,61,61,61,61,61,61,61,76,76,76,61,76,76,76,65,65,65,65,65,-1,76,76,61,61,61,-1,61,-1,61,-1,-1,-1,-1,-1,-1,-1,-1,-1,-1,-1,-1,-1,-1,-1,-1,-1,-1,-1,-1,-1,-1,-1
76,76,61,61,76,76,76,76,61,61,76,61,61,61,61,61,76,76,65,61,76,-1,76,-1,76,65,-1,76,76,76,-1,-1,-1,-1,-1,-1,61,61,61,-1,61,61,-1,-1,-1,-1,-1,-1,-1,-1,-1,-1,-1,-1,-1,-1,-1,-1,-1,-1,-1
61,61,61,61,61,61,61,61,76,61,61,76,76,61,61,76,61,76,61,76,-1,76,65,65,-1,76,76,76,-1,-1,-1,-1,-1,-1,-1,-1,61,-1,-1,-1,-1,61,61,61,-1,61,-1,-1,-1,-1,-1,-1,-1,-1,-1,-1,-1,-1,-1,-1
76,61,61,61,76,61,61,61,61,76,76,61,61,61,65,76,-1,76,76,-1,-1,-1,-1,-1,-1,-1,-1,-1,-1,-1,-1,61,-1,-1,65,65,-1,65,65,-1,61,-1,-1,-1,-1,-1,-1,-1,-1,-1,-1,-1,-1,-1
76,61,61,61,76,61,61,61,61,61,61,76,76,76,76,76,76,61,61,61,61,76,76,76,76,-1,-1,-1,-1,-1,-1,-1,-1,-1,-1,61,-1,65,-1,-1,-1,-1,-1,65,65,61,61,61,-1,-1,-1,-1,-1,-1,-1,-1,-1,-1
76,76,65,76,65,65,65,76,76,76,65,61,61,61,61,61,61,61,61,61,61,61,61,76,76,76,-1,-1,65,65,-1,-1,-1,-1,-1,-1,61,61,65,-1,-1,-1,-1,-1,-1,-1,65,-1,61,-1,-1,-1,-1,-1,-1,-1,-1,-1,-1
76,76,61,76,76,76,65,76,76,76,76,76,76,76,76,61,76,-1,76,-1,-1,-1,-1,-1,-1,65,-1,-1,-1,-1,-1,-1,-1,61,61,-1,-1,-1,-1,-1,-1,-1,65,-1,-1,61,-1,-1,-1,-1,-1,-1,-1,-1,-1
76,76,65,76,76,76,76,76,76,76,76,76,76,76,76,-1,-1,-1,-1,-1,-1,65,-1,-1,-1,-1,-1,-1,-1,-1,61,61,-1,-1,-1,-1,-1,-1,-1,65,-1,-1,61,61,-1,-1,-1,-1,-1,-1,-1
76,76,76,76,76,76,76,76,61,-1,-1,-1,76,-1,-1,-1,-1,-1,65,-1,-1,-1,-1,-1,65,-1,-1,61,61,61,-1,-1,-1,-1,-1,-1,65,-1,-1,-1,61,-1,-1,-1,-1,-1,-1
65,76,76,76,76,76,76,76,76,76,76,61,-1,-1,-1,76,76,-1,-1,-1,-1,65,65,65,-1,-1,-1,65,-1,-1,-1,-1,61,61,-1,-1,-1,-1,-1,65,-1,-1,-1,-1,61,-1,-1,-1,-1,-1
76,76,76,76,76,76,76,-1,61,-1,65,-1,65,76,76,76,65,65,-1,-1,-1,-1,65,-1,-1,-1,-1,-1,-1,-1,61,61,61,-1,-1,-1,-1,-1,-1,-1,-1,61,-1,-1,-1,-1
65,76,76,76,65,65,65,65,65,76,65,65,65,-1,-1,-1,-1,-1,76,-1,-1,65,-1,-1,-1,65,-1,-1,-1,-1,-1,-1,-1,-1,-1,-1,61,61,61,65,-1,-1,-1,-1,-1,61,-1,-1,-1
76,76,65,76,76,65,76,65,76,-1,-1,61,-1,-1,-1,-1,-1,-1,-1,-1,65,65,-1,-1,65,-1,-1,-1,-1,-1,-1,-1,-1,-1,-1,-1,-1,-1,61,61,61,-1,-1,-1,-1,-1,-1,-1
76,76,76,76,76,76,76,76,76,76,-1,-1,61,-1,-1,-1,-1,-1,-1,-1,-1,-1,65,-1,65,-1,-1,-1,-1,-1,-1,-1,-1,-1,-1,-1,-1,-1,-1,-1,-1,-1,61,-1,-1,-1,61,-1,-1
76,76,76,76,76,76,76,76,76,76,76,76,-1,-1,61,-1,-1,-1,-1,-1,-1,-1,-1,-1,65,65,65,-1,-1,65,65,65,65,65,65,65,-1,-1,-1,-1,-1,-1,65,-1,-1,61,61,-1,-1,61,-1
76,76,76,76,76,-1,-1,61,-1,-1,-1,-1,-1,-1,-1,-1,-1,-1,65,65,65,65,65,-1,-1,-1,65,65,65,65,65,65,-1,-1,-1,-1,65,-1,-1,61,61,-1,-1,61
76,76,-1,-1,-1,-1,-1,-1,-1,-1,-1,-1,-1,-1,-1,-1,-1,65,-1,-1,-1,-1,-1,-1,-1,-1,-1,-1,-1,65,65,65,65,65,65,-1,-1,-1,61,-1,-1,-1
76,76,-1,-1,-1,-1,-1,-1,-1,-1,-1,-1,-1,-1,-1,-1,65,-1,-1,-1,-1,-1,-1,-1,-1,-1,-1,-1,-1,-1,-1,-1,-1,65,65,-1,-1,-1,-1,61,-1,61
76,76,76,-1,-1,-1,-1,-1,-1,-1,-1,-1,-1,-1,-1,-1,-1,65,-1,-1,-1,-1,-1,-1,-1,-1,-1,-1,-1,-1,-1,-1,-1,-1,-1,65,65,65,-1,65,-1,-1,-1,61
76,76,76,-1,-1,-1,-1,-1,-1,-1,-1,-1,-1,-1,-1,-1,-1,-1,-1,-1,-1,-1,-1,-1,-1,-1,-1,-1,-1,-1,-1,-1,-1,-1,-1,65,-1,-1,65,65,-1,65,-1,61
76,76,76,76,-1,-1,-1,-1,-1,-1,-1,-1,-1,-1,-1,-1,-1,-1,-1,-1,-1,-1,-1,-1,-1,-1,-1,-1,-1,-1,-1,-1,-1,-1,-1,-1,61,61,-1,-1,-1,65,65,-1,65
76,76,76,76,76,76,76,76,76,76,76,-1,-1,-1,-1,-1,-1,-1,-1,-1,-1,-1,-1,-1,-1,-1,-1,-1,-1,-1,-1,-1,-1,-1,-1,-1,-1,-1,-1,-1,-1,61,61,65,-1,-1,-1,-1,-1,-1,65,65,61
-1,-1,-1,-1,-1,-1,-1,-1,-1,-1,-1,-1,-1,-1,-1,-1,-1,-1,-1,-1,-1,-1,-1,-1,-1,-1,-1,61,61,61,-1,-1,-1,-1,-1,-1,-1,-1,-1,-1,65,65,61,65
-1,-1,-1,-1,-1,-1,-1,-1,-1,-1,-1,-1,-1,-1,-1,-1,-1,-1,-1,-1,-1,-1,-1,-1,-1,-1,-1,61,-1,-1,-1,-1,-1,-1,-1,-1,-1,-1,-1,-1,65,65,65
-1,-1,-1,-1,-1,-1,-1,-1,-1,-1,-1,-1,-1,-1,-1,-1,-1,-1,-1,-1,-1,-1,-1,-1,61,61,61,-1,-1,-1,-1,-1,-1,-1,-1,-1,-1,-1,-1,-1,61
-1,-1,-1,-1,-1,-1,-1,-1,-1,-1,-1,-1,-1,-1,-1,-1,-1,-1,-1,-1,-1,-1,61,61,-1,-1,-1,-1,-1,-1,-1,-1,-1,-1,-1,-1,-1,-1,-1,-1,61
-1,-1,-1,-1,-1,-1,-1,-1,-1,-1,-1,-1,-1,-1,-1,-1,-1,-1,-1,-1,61,61,61,-1,-1,-1,-1,-1,-1,-1,-1,-1,-1,-1,-1,-1,-1,-1,-1,-1
-1,-1,-1,-1,-1,-1,-1,-1,-1,-1,-1,-1,-1,-1,-1,-1,-1,-1,-1,61,61,-1,-1,-1,-1,-1,-1,-1,-1,-1,-1,-1,-1,-1,-1,-1,-1,-1,-1,-1,61
-1,-1,-1,-1,-1,-1,-1,-1,-1,-1,-1,-1,-1,-1,-1,-1,-1,-1,61,61,-1,-1,-1,-1,-1,-1,-1,-1,-1,-1,-1,-1,-1,-1,-1,-1,-1,-1,-1,-1,61
-1,-1,-1,-1,-1,-1,-1,-1,-1,-1,-1,-1,-1,-1,-1,-1,-1,-1,61,-1,-1,-1,-1,-1,-1,-1,-1,-1,-1,-1,-1,-1,-1,-1,-1,-1,-1,-1,-1,-1,61
-1,-1,-1,-1,-1,-1,-1,-1,-1,-1,-1,-1,-1,-1,-1,-1,-1,61,-1,-1,-1,-1,-1,-1,-1,-1,-1,-1,-1,-1,-1,-1,-1,-1,-1,-1,-1,-1,-1,-1,61
-1,-1,-1,-1,-1,-1,-1,-1,-1,-1,-1,-1,-1,-1,-1,-1,-1,61,-1,-1,-1,-1,-1,-1,-1,-1,-1,-1,-1,-1,-1,-1,-1,-1,-1,-1,-1,-1,-1,-1,61
-1,-1,-1,-1,-1,-1,-1,-1,-1,-1,-1,-1,-1,-1,-1,-1,-1,61,-1,-1,-1,-1,-1,-1,-1,-1,-1,-1,-1,-1,-1,-1,-1,-1,-1,-1,-1,-1,-1,-1,61
-1,-1,-1,-1,-1,-1,-1,-1,-1,-1,-1,-1,-1,-1,-1,-1,-1,61,-1,-1,-1,-1,-1,-1,-1,-1,-1,-1,-1,-1,-1,-1,-1,-1,-1,-1,-1,-1,-1,-1,61
61,61
61,61,61
61,61
61,61,61
61,61
61,61,61,61,61
61,61,61,61,61,61,61,61,61,61