,66,66,6666,66,-1,-1,-1,-1,66,-1,-1,-1,-1,-1,-1,-1,-1,-1,-1,-1,-1,-1,-1,-1,-1,-1,-1,-1,-1,-1,-1,66,66,66,-1,-1,-1,-1,-1,-1,-1,-1,-1,-1,-1,-1,-1,-1,-1,-1,-1,-1,-1,-1,-1,-1,-1,-1,-1,-1,-1,-1,-1,-1,-1,-1,-1,-1,-1,-1,-1,-1,-1,-1
66,66,66,66,66,66,66,66,66,66,66,-1,-1,-1,-1,66,-1,-1,-1,-1,-1,-1,-1,-1,-1,-1,-1,-1,-1,-1,-1,-1,-1,-1,-1,-1,-1,-1,-1,-1,-1,66,66,66,-1,-1,-1,-1,-1,-1,-1,-1,-1,-1,-1,-1,-1,-1,-1,-1,-1,-1,-1,-1,-1,-1,-1,-1,-1,-1,-1,-1,-1,-1,-1,-1,-1,-1,-1,-1,-1
66,66,66,66,66,66,-1,-1,-1,-1,66,-1,-1,-1,-1,-1,-1,-1,-1,-1,-1,-1,-1,-1,-1,-1,-1,-1,-1,-1,-1,-1,-1,-1,-1,-1,-1,-1,-1,66,66,-1,-1,-1,-1,-1,-1,-1,-1,-1,-1,-1,-1,-1,-1,-1,-1,-1,-1,-1,-1,-1,-1,-1,-1,-1,-1,-1,-1,-1,-1,-1,-1,-1,-1,-1
66,66,66,66,66,-1,-1,-1,-1,66,-1,-1,66,66,66,66,66,-1,-1,-1,-1,-1,-1,-1,-1,-1,-1,-1,-1,-1,-1,-1,-1,-1,-1,-1,-1,-1,-1,-1,-1,66,66,-1,66,-1,-1,-1,-1,-1,-1,-1,-1,-1,-1,-1,-1,-1,-1,-1,-1,-1,-1,-1,-1,-1,-1,-1,-1,-1,-1,-1,-1,-1,-1
66,66,66,66,-1,-1,-1,-1,66,-1,66,66,-1,-1,-1,66,-1,-1,-1,-1,-1,-1,-1,-1,-1,-1,-1,-1,-1,-1,-1,-1,-1,-1,-1,-1,-1,-1,-1,-1,-1,-1,-1,-1,66,66,66,66,-1,-1,-1,-1,-1,-1,-1,-1,-1,-1,-1,-1,-1,-1,-1,-1,-1,-1,-1,-1,-1,-1,-1,-1,-1,-1
66,66,66,66,66,66,66,66,66,66,66,66,66,66,-1,-1,-1,-1,66,-1,-1,-1,-1,-1,-1,-1,-1,-1,-1,-1,-1,-1,-1,-1,-1,-1,-1,-1,-1,-1,-1,-1,-1,-1,-1,-1,-1,-1,-1,-1,-1,-1,66,66,66,-1,-1,-1,-1,-1,-1,-1,-1,-1,-1,-1,-1,-1,-1,-1,-1,-1,-1,-1,-1,-1,-1
66,66,66,66,66,66,66,66,66,66,66,66,-1,-1,-1,-1,66,66,-1,66,66,-1,-1,66,-1,-1,-1,-1,-1,-1,-1,-1,-1,-1,-1,-1,-1,-1,-1,-1,-1,-1,-1,-1,-1,-1,-1,-1,-1,-1,-1,-1,-1,-1,-1,-1,-1,-1,-1,66,66,66,-1,-1,-1,-1,-1,-1,-1,-1,-1,-1,-1,-1,-1,-1,-1,-1,-1,-1,-1,-1
66,66,66,-1,-1,-1,-1,66,66,66,66,66,-1,-1,66,-1,-1,-1,-1,-1,-1,-1,-1,-1,-1,-1,-1,-1,-1,-1,-1,-1,-1,-1,-1,-1,-1,-1,-1,-1,-1,-1,-1,-1,-1,-1,-1,-1,-1,-1,-1,-1,-1,66,-1,-1,-1,-1,-1,-1,-1,-1,-1,-1,-1,-1,-1,-1,-1,-1,-1,-1,-1
66,66,66,66,-1,-1,-1,66,66,66,-1,66,66,-1,66,-1,-1,-1,-1,-1,-1,-1,-1,-1,-1,-1,-1,-1,-1,-1,-1,-1,-1,-1,-1,-1,-1,-1,-1,-1,-1,-1,-1,-1,-1,-1,-1,-1,-1,-1,-1,-1,-1,66,-1,-1,-1,-1,-1,-1,-1,-1,-1,-1,-1,-1,-1,-1,-1,-1,-1,-1,-1
66,66,66,-1,-1,66,66,-1,-1,66,-1,66,66,66,-1,-1,-1,-1,-1,-1,-1,-1,-1,-1,-1,-1,-1,-1,-1,-1,-1,-1,-1,-1,-1,-1,-1,-1,-1,-1,-1,-1,-1,-1,-1,-1,-1,-1,-1,-1,-1,66,66,-1,-1,-1,-1,-1,-1,-1,-1,-1,-1,-1,-1,-1,-1,-1,-1,-1,-1
66,66,-1,66,66,66,66,66,-1,-1,66,-1,-1,66,66,66,-1,-1,-1,-1,-1,-1,-1,-1,-1,-1,-1,-1,-1,-1,-1,-1,-1,-1,-1,-1,-1,-1,-1,-1,-1,-1,-1,-1,-1,-1,-1,-1,-1,-1,-1,-1,-1,66,-1,-1,-1,-1,-1,-1,-1,-1,-1,-1,-1,-1,-1,-1,-1,-1,-1,-1
66,66,-1,-1,-1,66,66,66,66,66,66,66,66,66,66,66,-1,66,66,-1,-1,-1,-1,-1,-1,-1,-1,-1,-1,-1,-1,-1,-1,-1,-1,-1,-1,-1,-1,-1,-1,-1,-1,-1,-1,-1,-1,-1,-1,-1,-1,-1,-1,66,-1,-1,-1,-1,-1,-1,-1,-1,-1,-1,-1,-1,-1,-1,-1,-1,-1,-1
66,66,-1,-1,-1,66,-1,-1,66,66,66,66,66,66,66,-1,-1,66,-1,66,66,-1,66,-1,66,-1,66,66,-1,66,-1,66,-1,66,66,-1,66,66,-1,66,66,66,66,-1,-1,-1,-1,-1,-1,-1,-1,-1,-1,66,-1,-1,-1,-1,-1,-1,-1,-1,-1,-1,-1,-1,-1,-1,-1,-1,-1,-1
66,66,-1,66,66,-1,-1,-1,66,66,-1,66,66,66,66,66,-1,-1,-1,66,66,-1,-1,-1,-1,-1,-1,-1,-1,-1,-1,-1,-1,-1,-1,-1,-1,-1,-1,-1,-1,-1,66,66,66,66,-1,-1,-1,-1,-1,-1,66,-1,-1,-1,-1,-1,-1,-1,-1,-1,-1,-1,-1,-1,-1,-1,-1,-1,-1
66,66,-1,66,66,-1,66,66,66,66,66,66,-1,66,-1,-1,-1,-1,-1,-1,-1,66,-1,66,-1,-1,-1,-1,-1,-1,-1,-1,-1,-1,-1,-1,-1,-1,-1,-1,-1,-1,-1,-1,-1,-1,66,66,-1,-1,-1,-1,66,-1,-1,-1,-1,-1,-1,-1,-1,-1,-1,-1,-1,-1,-1,-1,-1,-1,-1
66,66,66,66,66,-1,-1,-1,-1,66,66,66,-1,-1,-1,-1,-1,-1,-1,-1,-1,-1,-1,-1,66,-1,-1,-1,-1,-1,-1,-1,-1,-1,-1,-1,-1,-1,-1,-1,-1,-1,-1,-1,-1,-1,-1,-1,66,66,-1,-1,66,-1,-1,-1,-1,-1,-1,-1,-1,-1,-1,-1,-1,-1,-1,-1,-1,-1,-1
66,-1,66,66,-1,-1,-1,66,66,66,66,66,-1,-1,-1,-1,-1,-1,-1,-1,-1,-1,-1,-1,-1,66,66,-1,-1,-1,-1,-1,-1,-1,-1,-1,-1,-1,-1,-1,-1,-1,-1,-1,-1,-1,-1,-1,-1,66,66,66,-1,-1,-1,-1,-1,-1,-1,-1,-1,-1,-1,-1,-1,-1,-1,-1,-1,-1,-1
66,-1,-1,66,-1,-1,66,66,-1,-1,-1,-1,66,-1,-1,-1,-1,-1,-1,-1,-1,-1,-1,-1,-1,-1,-1,-1,66,66,-1,-1,-1,-1,-1,-1,-1,-1,-1,-1,-1,-1,-1,-1,-1,-1,-1,-1,-1,-1,66,66,-1,-1,-1,-1,-1,-1,-1,-1,-1,-1,-1,-1,-1,-1,-1,-1,-1,-1,-1
66,-1,-1,66,66,66,66,-1,-1,-1,-1,-1,-1,66,66,-1,-1,-1,-1,-1,-1,-1,-1,-1,-1,-1,-1,-1,-1,-1,66,-1,-1,-1,-1,-1,-1,-1,-1,-1,-1,-1,-1,-1,-1,-1,-1,-1,-1,-1,-1,66,-1,-1,-1,-1,-1,-1,-1,-1,-1,-1,-1,-1,-1,-1,-1,-1,-1,-1,-1
66,-1,-1,66,66,66,-1,-1,-1,-1,-1,-1,-1,-1,66,66,-1,-1,-1,-1,-1,-1,-1,-1,-1,-1,-1,-1,-1,-1,-1,66,66,-1,-1,-1,-1,-1,-1,-1,-1,-1,-1,-1,-1,-1,-1,-1,-1,-1,-1,-1,66,-1,-1,-1,-1,-1,-1,-1,-1,-1,-1,-1,-1,-1,-1,-1,-1,-1,-1
66,-1,66,66,-1,-1,-1,-1,-1,-1,-1,-1,-1,-1,-1,-1,66,-1,-1,-1,-1,-1,-1,-1,-1,-1,-1,-1,-1,-1,-1,-1,66,66,66,-1,-1,-1,-1,-1,-1,-1,-1,-1,-1,-1,-1,-1,-1,-1,66,-1,-1,66,-1,-1,-1,-1,-1,-1,-1,-1,-1,-1,-1,-1,-1,-1,-1,-1,-1
66,66,66,66,-1,-1,-1,-1,-1,-1,-1,-1,-1,-1,-1,-1,-1,66,-1,-1,-1,-1,-1,-1,-1,-1,-1,-1,-1,-1,-1,-1,-1,-1,-1,-1,-1,-1,-1,-1,-1,-1,-1,-1,-1,-1,-1,-1,-1,-1,66,-1,-1,66,-1,-1,-1,-1,-1,-1,-1,-1,-1,-1,-1,-1,-1,-1,-1,-1,-1
66,66,66,66,-1,66,-1,-1,-1,-1,-1,-1,-1,-1,-1,-1,-1,-1,-1,-1,66,66,-1,-1,-1,-1,-1,-1,-1,-1,-1,-1,-1,-1,-1,-1,-1,-1,-1,-1,-1,-1,-1,-1,-1,-1,-1,-1,-1,-1,-1,-1,-1,-1,-1,-1,66,-1,-1,-1,-1,-1,-1,-1,-1,-1,-1,-1,-1,-1,-1,66,-1
66,66,66,-1,-1,66,-1,-1,-1,-1,-1,-1,-1,-1,-1,-1,-1,-1,-1,-1,-1,66,-1,-1,-1,-1,-1,-1,-1,-1,-1,-1,-1,-1,-1,-1,-1,-1,-1,-1,-1,-1,-1,-1,-1,-1,-1,-1,-1,-1,-1,-1,66,-1,-1,-1,66,-1,-1,-1,-1,-1,-1,-1,-1,-1,-1,-1,-1,-1,-1,66,-1
66,66,66,66,-1,-1,66,-1,-1,-1,-1,-1,-1,-1,-1,-1,-1,-1,-1,-1,-1,-1,-1,66,66,-1,-1,-1,-1,-1,-1,-1,-1,-1,-1,66,66,-1,-1,-1,-1,-1,-1,-1,-1,-1,-1,-1,-1,-1,-1,-1,66,-1,-1,-1,-1,66,-1,-1,-1,-1,-1,-1,-1,-1,-1,-1,-1,-1,-1,66,-1,-1
66,66,66,-1,-1,66,-1,-1,-1,-1,-1,-1,-1,-1,-1,-1,-1,-1,-1,-1,-1,-1,-1,66,66,-1,-1,-1,-1,-1,-1,-1,-1,-1,-1,66,66,66,-1,-1,-1,-1,-1,-1,-1,-1,-1,-1,-1,-1,-1,-1,-1,-1,-1,-1,66,-1,-1,-1,-1,-1,-1,-1,-1,-1,-1,-1,-1,-1,66,-1,-1
66,66,-1,-1,66,-1,-1,-1,-1,-1,-1,-1,-1,-1,-1,-1,-1,-1,-1,-1,-1,-1,-1,66,-1,-1,-1,-1,-1,-1,-1,-1,-1,-1,-1,-1,-1,66,66,-1,-1,-1,-1,-1,-1,-1,-1,-1,-1,66,-1,-1,-1,-1,-1,-1,66,-1,-1,-1,-1,-1,-1,-1,-1,-1,-1,-1,66,-1,-1,-1
66,66,66,66,-1,-1,66,-1,-1,-1,-1,-1,-1,-1,-1,-1,-1,-1,-1,-1,-1,-1,-1,-1,-1,-1,66,66,-1,66,66,66,66,66,66,-1,-1,-1,-1,-1,66,-1,-1,-1,-1,-1,-1,-1,-1,-1,-1,66,-1,-1,-1,-1,-1,-1,66,-1,-1,-1,-1,-1,-1,-1,-1,-1,-1,66,66,-1,-1,-1
66,-1,-1,66,-1,-1,-1,-1,-1,-1,-1,-1,-1,-1,-1,-1,-1,-1,-1,-1,-1,-1,-1,-1,66,66,66,66,66,-1,-1,-1,66,-1,-1,-1,-1,66,66,-1,-1,-1,-1,-1,-1,-1,-1,-1,-1,-1,-1,-1,-1,-1,-1,66,-1,-1,-1,-1,-1,-1,-1,-1,-1,-1,66,-1,-1,-1,-1
66,-1,-1,66,-1,-1,-1,-1,-1,-1,-1,-1,-1,-1,-1,-1,-1,-1,-1,-1,-1,-1,-1,66,66,66,66,66,-1,-1,-1,66,66,-1,-1,-1,-1,-1,66,-1,-1,-1,-1,-1,-1,-1,-1,66,-1,-1,-1,-1,-1,-1,-1,66,-1,-1,-1,-1,-1,-1,-1,-1,-1,66,-1,-1,-1,-1,-1
66,-1,-1,66,-1,-1,-1,-1,-1,-1,-1,-1,-1,-1,-1,-1,-1,-1,-1,-1,-1,-1,-1,66,66,66,66,-1,-1,-1,-1,-1,-1,-1,-1,-1,-1,-1,66,-1,-1,-1,-1,-1,-1,-1,-1,66,-1,-1,-1,-1,-1,-1,-1,66,-1,-1,-1,-1,-1,-1,-1,-1,66,66,-1,-1,-1,-1,-1
66,-1,-1,-1,-1,-1,-1,-1,-1,-1,-1,-1,-1,-1,-1,-1,-1,-1,-1,-1,-1,-1,-1,66,66,-1,-1,66,-1,-1,-1,-1,66,-1,-1,-1,-1,66,-1,-1,-1,-1,-1,-1,-1,-1,-1,-1,-1,-1,-1,-1,-1,-1,-1,66,-1,-1,-1,-1,-1,-1,-1,-1,66,-1,-1,-1,-1,-1,-1
-1,-1,-1,-1,-1,-1,-1,-1,-1,-1,-1,-1,-1,-1,-1,-1,-1,-1,-1,-1,66,66,-1,66,-1,-1,-1,66,66,-1,-1,66,66,-1,-1,66,-1,-1,-1,-1,-1,-1,-1,-1,-1,-1,66,-1,-1,-1,-1,-1,-1,-1,-1,-1,-1,-1,-1,-1,-1,-1,66,-1,-1,-1,-1,-1,-1,-1
-1,-1,-1,-1,-1,-1,-1,-1,-1,-1,-1,-1,-1,-1,-1,-1,-1,-1,66,66,-1,-1,-1,-1,66,-1,-1,-1,66,66,-1,-1,66,66,66,66,-1,-1,-1,-1,-1,-1,-1,-1,-1,66,-1,-1,-1,-1,-1,-1,-1,-1,66,-1,-1,-1,-1,-1,-1,66,66,-1,-1,-1,-1,-1,-1,-1
66,-1,-1,-1,-1,-1,-1,-1,-1,-1,-1,-1,-1,-1,-1,-1,-1,-1,66,-1,-1,-1,-1,-1,-1,-1,66,66,-1,-1,66,66,66,66,66,-1,-1,-1,-1,-1,-1,-1,-1,-1,-1,-1,66,-1,-1,-1,-1,-1,-1,-1,-1,66,-1,-1,-1,-1,-1,-1,66,-1,-1,-1,-1,-1,-1,-1,-1
66,-1,-1,-1,-1,-1,-1,-1,-1,-1,-1,-1,-1,-1,-1,-1,66,66,-1,-1,-1,-1,-1,-1,-1,-1,-1,66,66,66,66,66,66,-1,-1,66,-1,-1,-1,-1,-1,-1,-1,-1,-1,66,-1,-1,-1,-1,-1,-1,-1,-1,-1,66,-1,-1,-1,-1,-1,66,-1,-1,-1,-1,-1,-1,-1,-1,-1
-1,-1,-1,-1,-1,-1,-1,-1,-1,-1,-1,-1,-1,-1,-1,66,-1,-1,-1,-1,-1,-1,-1,-1,-1,-1,-1,-1,-1,-1,-1,66,66,-1,66,66,-1,-1,-1,-1,-1,-1,-1,-1,-1,-1,-1,-1,-1,-1,-1,-1,-1,-1,66,-1,-1,-1,-1,66,-1,-1,-1,-1,-1,-1,-1,-1,-1,-1
66,66,-1,-1,-1,-1,-1,-1,-1,-1,-1,-1,-1,-1,-1,-1,66,-1,-1,-1,-1,-1,-1,-1,-1,-1,-1,-1,-1,-1,-1,-1,-1,-1,66,-1,-1,66,-1,-1,-1,-1,-1,-1,-1,-1,66,-1,-1,-1,-1,-1,-1,-1,-1,-1,-1,-1,-1,-1,-1,66,-1,-1,-1,-1,-1,-1,-1,-1,-1,-1
66,-1,-1,-1,-1,-1,-1,-1,-1,-1,-1,-1,-1,-1,66,-1,-1,-1,-1,-1,-1,-1,-1,-1,-1,-1,-1,-1,-1,-1,-1,-1,-1,-1,66,-1,66,-1,-1,-1,-1,-1,-1,-1,66,-1,-1,-1,-1,-1,-1,-1,-1,-1,-1,66,-1,-1,-1,66,-1,-1,-1,-1,-1,-1,-1,-1,-1,-1,-1
-1,-1,-1,-1,-1,-1,-1,-1,-1,-1,-1,-1,66,66,-1,-1,-1,-1,-1,-1,-1,-1,-1,-1,-1,-1,-1,-1,-1,-1,-1,-1,-1,66,-1,66,-1,-1,-1,-1,-1,-1,-1,66,-1,-1,-1,-1,-1,-1,-1,-1,-1,-1,66,-1,-1,-1,66,-1,-1,-1,-1,-1,-1,-1,-1,-1,-1,-1
66,66,-1,-1,-1,-1,-1,-1,-1,-1,-1,-1,-1,-1,66,-1,-1,-1,-1,-1,-1,-1,-1,-1,-1,-1,-1,-1,-1,-1,-1,-1,-1,-1,-1,66,-1,66,-1,-1,-1,-1,-1,-1,66,-1,-1,-1,-1,-1,-1,-1,-1,-1,-1,-1,66,-1,-1,66,-1,-1,-1,-1,-1,-1,-1,-1,-1,-1,-1,-1
-1,-1,-1,-1,-1,-1,-1,-1,-1,-1,-1,-1,66,-1,-1,-1,-1,-1,-1,-1,-1,-1,-1,-1,-1,-1,-1,-1,-1,-1,-1,-1,-1,66,-1,66,-1,-1,-1,-1,-1,-1,66,-1,-1,-1,-1,-1,-1,-1,-1,-1,-1,-1,66,-1,-1,66,-1,-1,-1,-1,-1,-1,-1,-1,-1,-1,-1,-1
66,-1,-1,-1,-1,-1,-1,-1,-1,-1,-1,-1,-1,66,-1,-1,-1,-1,-1,-1,-1,-1,-1,-1,-1,-1,-1,-1,-1,-1,-1,-1,-1,-1,66,-1,66,-1,-1,-1,-1,-1,-1,66,-1,-1,-1,-1,-1,-1,-1,-1,-1,-1,-1,66,-1,66,-1,-1,-1,-1,-1,-1,-1,-1,-1,-1,-1,-1,-1
66,-1,-1,-1,-1,-1,-1,-1,-1,-1,-1,-1,-1,66,-1,-1,-1,-1,-1,-1,-1,-1,-1,-1,-1,-1,-1,-1,-1,-1,-1,-1,-1,-1,66,66,66,-1,-1,-1,-1,-1,-1,-1,-1,-1,-1,-1,-1,-1,-1,-1,-1,-1,-1,66,-1,-1,-1,-1,-1,-1,-1,-1,-1,-1,-1,-1,-1,-1,-1
66,66,-1,-1,-1,-1,-1,-1,-1,-1,-1,-1,-1,-1,66,-1,-1,-1,-1,-1,-1,-1,-1,-1,-1,-1,-1,-1,-1,-1,-1,-1,-1,-1,-1,-1,66,66,-1,-1,-1,-1,-1,-1,-1,-1,-1,-1,-1,-1,-1,-1,-1,-1,-1,-1,66,-1,-1,-1,-1,-1,-1,-1,-1,-1,-1,-1,-1,-1,-1,-1
-1,-1,-1,-1,-1,-1,-1,-1,-1,-1,-1,-1,66,-1,-1,-1,-1,-1,-1,-1,-1,-1,-1,-1,-1,-1,-1,-1,-1,-1,-1,-1,-1,-1,66,66,-1,-1,-1,-1,-1,-1,-1,-1,-1,-1,-1,-1,-1,-1,-1,-1,-1,66,66,-1,-1,-1,-1,-1,-1,-1,-1,-1,-1,-1,-1,-1,-1,-1
66,-1,-1,-1,-1,-1,-1,-1,-1,-1,-1,-1,-1,66,-1,-1,-1,-1,-1,-1,-1,-1,-1,-1,-1,-1,-1,-1,-1,-1,-1,-1,-1,-1,66,66,-1,-1,-1,-1,-1,-1,-1,-1,-1,-1,-1,-1,-1,-1,-1,-1,66,66,-1,-1,-1,-1,-1,-1,-1,-1,-1,-1,-1,-1,-1,-1,-1,-1
-1,66,-1,-1,-1,-1,-1,-1,-1,-1,-1,-1,-1,66,66,-1,-1,-1,-1,-1,-1,-1,-1,-1,-1,-1,-1,-1,-1,-1,-1,-1,-1,-1,66,66,-1,-1,-1,-1,-1,-1,-1,-1,-1,-1,-1,-1,-1,-1,-1,-1,66,66,-1,-1,-1,-1,-1,-1,-1,-1,-1,-1,-1,-1,-1,-1,-1,-1
66,-1,66,-1,-1,-1,-1,-1,-1,-1,-1,-1,-1,-1,-1,66,66,-1,-1,-1,-1,-1,-1,-1,-1,-1,-1,-1,-1,-1,-1,-1,-1,-1,-1,66,66,-1,-1,-1,-1,-1,-1,-1,-1,-1,-1,-1,-1,-1,-1,66,66,-1,-1,-1,-1,-1,-1,-1,-1,-1,-1,-1,-1,-1,-1,-1,-1,-1,-1
-1,-1,66,-1,-1,-1,-1,-1,-1,-1,-1,-1,-1,-1,-1,66,66,-1,-1,-1,-1,-1,-1,-1,-1,-1,-1,-1,-1,-1,-1,-1,-1,-1,66,66,-1,-1,-1,-1,-1,-1,-1,-1,-1,-1,-1,-1,-1,-1,66,-1,-1,-1,-1,-1,-1,-1,-1,-1,-1,-1,-1,-1,-1,-1,-1,-1,-1,-1
-1,-1,66,-1,-1,-1,-1,-1,-1,-1,-1,-1,-1,-1,-1,-1,-1,66,-1,-1,-1,-1,-1,-1,-1,-1,-1,-1,-1,-1,-1,-1,-1,-1,66,66,-1,-1,-1,-1,-1,-1,-1,-1,-1,-1,-1,-1,-1,66,-1,-1,-1,-1,-1,-1,-1,-1,-1,-1,-1,-1,-1,-1,-1,-1,-1,-1,-1,-1
66,-1,-1,-1,66,-1,-1,-1,-1,-1,-1,-1,-1,-1,-1,-1,-1,-1,-1,66,-1,-1,-1,-1,-1,-1,-1,-1,-1,-1,-1,-1,-1,-1,-1,66,66,-1,-1,-1,-1,-1,-1,-1,-1,-1,-1,-1,-1,66,-1,-1,-1,-1,-1,-1,-1,-1,-1,-1,-1,-1,-1,-1,-1,-1,-1,-1,-1,-1,-1
-1,-1,-1,-1,66,-1,-1,-1,-1,-1,-1,-1,-1,-1,66,66,66,66,66,66,66,66,-1,66,66,-1,-1,-1,-1,-1,-1,-1,-1,66,-1,66,-1,-1,-1,-1,-1,-1,-1,-1,-1,-1,-1,66,66,-1,-1,-1,-1,-1,-1,-1,-1,-1,-1,-1,-1,-1,-1,-1,-1,-1,-1,-1,-1,-1
66,-1,-1,-1,-1,-1,-1,66,-1,-1,-1,-1,-1,-1,-1,-1,-1,-1,-1,-1,-1,66,-1,66,-1,-1,-1,66,-1,66,-1,-1,-1,-1,66,-1,66,-1,-1,-1,-1,-1,-1,-1,-1,-1,-1,66,66,-1,-1,-1,-1,-1,-1,-1,-1,-1,-1,-1,-1,-1,-1,-1,-1,-1,-1,-1,-1,-1,-1
-1,-1,-1,-1,-1,-1,66,-1,-1,-1,-1,-1,-1,-1,-1,-1,-1,-1,-1,-1,-1,-1,-1,66,-1,-1,-1,-1,-1,66,-1,-1,66,66,-1,66,-1,-1,-1,-1,-1,-1,-1,-1,66,66,66,-1,-1,-1,-1,-1,-1,-1,-1,-1,-1,-1,-1,-1,-1,-1,-1,-1,-1,-1,-1,-1,-1,-1
-1,-1,-1,-1,-1,-1,-1,66,66,-1,-1,-1,-1,-1,-1,-1,-1,-1,-1,-1,-1,66,66,66,66,-1,-1,-1,-1,-1,-1,-1,66,-1,-1,-1,66,-1,-1,-1,-1,-1,-1,66,66,66,-1,-1,-1,-1,-1,-1,-1,-1,-1,-1,-1,-1,-1,-1,-1,-1,-1,-1,-1,-1,-1,-1,-1,-1
66,-1,-1,-1,-1,-1,-1,-1,-1,-1,66,66,66,-1,-1,-1,-1,-1,-1,-1,-1,-1,-1,-1,-1,-1,66,66,-1,66,-1,66,-1,66,66,66,66,66,66,66,66,66,66,66,66,-1,-1,-1,-1,-1,-1,-1,-1,-1,-1,-1,-1,-1,-1,-1,-1,-1,-1,-1,-1,-1,-1,-1,-1,-1,-1
-1,-1,-1,-1,-1,-1,-1,-1,-1,-1,-1,-1,66,66,66,-1,-1,-1,-1,-1,-1,-1,-1,-1,-1,-1,-1,66,66,-1,-1,-1,66,-1,-1,-1,66,66,66,66,66,66,66,-1,-1,-1,-1,-1,-1,-1,-1,-1,-1,-1,-1,-1,-1,-1,-1,-1,-1,-1,-1,-1,-1,-1,-1,-1,-1,-1
-1,-1,-1,-1,-1,-1,-1,-1,-1,-1,-1,-1,-1,-1,-1,66,66,-1,-1,-1,-1,-1,-1,-1,-1,-1,-1,-1,-1,66,66,-1,66,-1,-1,-1,-1,-1,66,-1,-1,-1,-1,-1,-1,-1,-1,-1,-1,-1,-1,-1,-1,-1,-1,-1,-1,-1,-1,-1,-1,-1,-1,-1,-1,-1,-1,-1,-1,-1
-1,-1,-1,-1,-1,-1,-1,-1,-1,-1,-1,-1,-1,-1,-1,-1,-1,-1,66,66,66,66,-1,66,66,-1,-1,-1,-1,-1,-1,66,66,-1,-1,-1,-1,-1,-1,66,-1,-1,-1,-1,-1,-1,-1,-1,-1,-1,-1,-1,-1,-1,-1,-1,-1,-1,-1,-1,-1,-1,-1,-1,-1,-1,-1,-1,-1,-1
-1,-1,-1,-1,-1,-1,-1,-1,-1,-1,-1,-1,-1,-1,-1,-1,-1,-1,-1,-1,-1,-1,-1,-1,-1,66,66,66,66,66,66,66,66,66,66,-1,-1,-1,-1,-1,66,-1,-1,-1,-1,-1,-1,-1,-1,-1,-1,-1,-1,-1,-1,-1,-1,-1,-1,-1,-1,-1,-1,-1,-1,-1,-1,-1,-1,-1
-1,-1,-1,-1,-1,-1,-1,-1,-1,-1,-1,-1,-1,-1,-1,-1,-1,-1,-1,-1,-1,-1,-1,-1,-1,-1,-1,-1,66,66,-1,-1,-1,-1,-1,66,66,66,-1,-1,-1,-1,-1,-1,-1,-1,-1,-1,-1,-1,-1,-1,-1,-1,-1,-1,-1,-1,-1,-1,-1,-1,-1,-1,-1,-1,-1,-1,-1,-1
-1,-1,-1,-1,-1,-1,-1,-1,-1,-1,-1,-1,-1,-1,-1,-1,-1,-1,-1,-1,-1,-1,66,66,66,66,66,66,-1,-1,-1,-1,66,-1,-1,-1,-1,66,66,66,-1,66,66,-1,-1,-1,-1,-1,-1,-1,-1,-1,-1,-1,-1,-1,-1,-1,-1,-1,-1,-1,-1,-1,-1,-1,-1,-1,-1,-1
-1,-1,-1,-1,-1,-1,-1,-1,-1,-1,-1,-1,-1,-1,-1,-1,-1,-1,66,66,66,66,-1,-1,-1,-1,-1,-1,-1,-1,-1,-1,-1,-1,-1,-1,-1,-1,-1,-1,-1,-1,66,-1,-1,-1,-1,-1,-1,-1,-1,-1,-1,-1,-1,-1,-1,-1,-1,-1,-1,-1,-1,-1,-1,-1,-1,-1,-1,-1
-1,-1,-1,-1,-1,-1,-1,-1,-1,-1,-1,-1,-1,-1,-1,-1,66,66,-1,-1,-1,-1,-1,-1,-1,-1,-1,-1,-1,-1,-1,-1,-1,66,-1,-1,-1,-1,-1,-1,-1,-1,-1,66,-1,-1,-1,-1,-1,-1,-1,-1,-1,-1,-1,-1,-1,-1,-1,-1,-1,-1,-1,-1,-1,-1,-1,-1,-1,-1
-1,-1,-1,-1,-1,-1,-1,-1,-1,-1,-1,-1,66,66,66,-1,-1,-1,-1,-1,-1,-1,-1,-1,-1,-1,-1,-1,-1,-1,-1,-1,-1,-1,66,-1,-1,-1,-1,-1,-1,-1,-1,-1,66,-1,-1,-1,-1,-1,-1,-1,-1,-1,-1,-1,-1,-1,-1,-1,-1,-1,-1,-1,-1,-1,-1,-1,-1,-1
-1,-1,-1,-1,-1,-1,-1,-1,-1,66,66,66,-1,-1,-1,-1,-1,-1,-1,-1,-1,-1,-1,-1,-1,-1,-1,-1,-1,-1,-1,-1,-1,-1,-1,66,-1,-1,-1,-1,-1,-1,-1,-1,66,-1,-1,-1,-1,-1,-1,-1,-1,-1,-1,-1,-1,-1,-1,-1,-1,-1,-1,-1,-1,-1,-1,-1,-1,-1
-1,-1,-1,-1,-1,-1,66,66,66,-1,-1,-1,-1,-1,-1,-1,-1,-1,-1,-1,-1,-1,-1,-1,-1,-1,-1,-1,-1,-1,-1,-1,-1,-1,-1,-1,66,-1,-1,-1,-1,-1,-1,-1,66,-1,-1,-1,-1,-1,-1,-1,-1,-1,-1,-1,-1,-1,-1,-1,-1,-1,-1,-1,-1,-1,-1,-1,-1,-1
66,-1,66,66,66,66,-1,-1,-1,-1,-1,-1,-1,-1,-1,-1,-1,-1,-1,-1,-1,-1,-1,-1,-1,-1,-1,-1,-1,-1,-1,-1,-1,-1,-1,-1,-1,66,66,-1,-1,-1,-1,66,66,-1,-1,-1,-1,-1,-1,-1,-1,-1,-1,-1,-1,-1,-1,-1,-1,-1,-1,-1,-1,-1,-1,-1,-1,-1
66,66,66,66,-1,-1,-1,-1,-1,-1,-1,-1,-1,-1,-1,-1,-1,-1,-1,-1,-1,-1,-1,-1,-1,-1,-1,-1,-1,-1,-1,-1,-1,-1,-1,-1,-1,-1,-1,-1,-1,-1,-1,66,66,66,66,66,-1,-1,-1,-1,-1,-1,-1,-1,-1,-1,-1,-1,-1,-1,-1,-1,-1,-1,-1,-1,-1,-1,-1,-1,-1,-1
66,66,66,66,66,66,66,66,66,66,66,66,66,66