-1,-1,62,-1,-1,-1,-1,-1,-1,-1,-1,-1,-1,-1,-1,-1,-1,-1,-1,-1,-1,-1,-1,-1,-1,-1,-1,-1,-1,-1,-1,-1,-1,-1,-1,-1,-1,-1,-1,-1,-1,-1,-1,-1,-1,-1,-1,-1,-1,-1
-1,-1,62,-1,-1,-1,-1,-1,-1,-1,-1,-1,-1,-1,-1,-1,-1,-1,-1,-1,-1,-1,-1,-1,-1,-1,-1,-1,-1,-1,-1,-1,-1,-1,-1,-1,-1,-1,-1,-1,-1,-1,-1,-1,-1,-1,-1,-1,-1,-1
-1,-1,62,62,-1,-1,-1,-1,-1,-1,-1,-1,-1,-1,-1,-1,-1,-1,-1,-1,-1,-1,-1,-1,-1,-1,-1,-1,-1,-1,-1,-1,-1,-1,-1,-1,-1,-1,-1,-1,-1,-1,-1,-1,-1,-1,-1,-1,-1,-1
-1,-1,62,62,-1,-1,-1,-1,-1,-1,-1,95,95,95,95,95,95,95,95,-1,-1,-1,-1,-1,-1,-1,-1,-1,-1,-1,-1,-1,-1,-1,-1,-1,-1,-1,-1,-1,-1,-1,-1,-1,-1,-1,-1,-1,-1,-1
-1,-1,62,62,-1,-1,-1,95,95,95,95,95,-1,-1,-1,-1,-1,-1,95,95,-1,-1,-1,-1,-1,-1,-1,-1,-1,-1,-1,-1,-1,-1,-1,-1,-1,-1,-1,-1,-1,-1,-1,-1,-1,-1,-1,-1,-1,-1
-1,-1,62,62,95,95,95,95,-1,-1,-1,-1,-1,-1,-1,-1,-1,-1,-1,-1,95,95,-1,-1,-1,-1,-1,-1,-1,-1,-1,-1,-1,-1,-1,-1,-1,-1,-1,-1,-1,-1,-1,-1,-1,-1,-1,-1,-1,-1
-1,95,95,95,62,-1,-1,-1,-1,-1,-1,-1,-1,-1,-1,-1,-1,-1,-1,-1,-1,-1,95,-1,-1,-1,-1,-1,-1,-1,-1,-1,-1,-1,-1,-1,-1,-1,-1,-1,-1,-1,-1,-1,-1,-1,-1,-1,-1,-1
95,95,-1,62,62,-1,-1,-1,-1,95,-1,-1,-1,-1,-1,-1,-1,-1,-1,-1,-1,-1,95,95,-1,-1,-1,-1,-1,-1,-1,-1,-1,-1,-1,-1,-1,-1,-1,-1,-1,-1,-1,-1,-1,-1,-1,-1,-1,-1
-1,-1,-1,-1,62,-1,-1,-1,-1,95,95,95,-1,-1,-1,-1,-1,-1,-1,-1,-1,-1,-1,95,95,-1,-1,-1,-1,-1,-1,-1,-1,-1,-1,-1,-1,-1,-1,-1,-1,-1,-1,-1,-1,-1,-1,-1,-1,-1
-1,-1,-1,-1,62,-1,-1,-1,-1,95,-1,95,95,-1,-1,-1,-1,-1,-1,-1,-1,-1,-1,-1,-1,95,-1,-1,-1,-1,-1,-1,-1,-1,-1,-1,-1,-1,-1,-1,-1,-1,-1,-1,-1,-1,-1,-1,-1,-1
-1,-1,-1,-1,62,-1,-1,-1,-1,-1,-1,-1,95,-1,-1,-1,-1,-1,-1,-1,-1,-1,-1,-1,-1,-1,95,-1,-1,-1,-1,-1,-1,-1,-1,-1,-1,-1,-1,-1,-1,-1,-1,-1,-1,-1,-1,-1,-1,-1
-1,-1,-1,-1,62,95,-1,-1,-1,95,-1,-1,-1,95,-1,-1,-1,-1,-1,-1,-1,-1,-1,-1,-1,-1,95,95,-1,-1,-1,-1,-1,-1,-1,-1,-1,-1,-1,-1,-1,-1,-1,-1,-1,-1,-1,-1,-1,-1
-1,-1,-1,-1,62,62,-1,-1,-1,95,-1,-1,-1,-1,95,95,-1,-1,-1,-1,-1,-1,-1,-1,-1,-1,-1,95,-1,-1,-1,-1,-1,62,62,62,-1,-1,-1,-1,-1,-1,-1,-1,-1,-1,-1,-1,-1,-1
-1,-1,-1,95,62,-1,-1,-1,-1,-1,-1,-1,-1,-1,-1,95,95,-1,-1,-1,-1,-1,-1,-1,-1,-1,-1,-1,95,-1,-1,-1,-1,62,-1,-1,62,-1,-1,-1,-1,-1,-1,-1,-1,-1,-1,-1,-1,-1
-1,-1,-1,95,62,62,-1,-1,-1,95,-1,-1,-1,-1,-1,-1,-1,-1,-1,-1,-1,-1,-1,-1,-1,-1,-1,-1,95,-1,-1,-1,62,-1,-1,-1,62,62,-1,-1,-1,-1,-1,-1,-1,-1,-1,-1,-1,-1
-1,-1,-1,95,62,-1,-1,-1,-1,95,-1,-1,-1,-1,-1,-1,95,95,-1,-1,-1,-1,-1,-1,-1,-1,-1,-1,95,-1,-1,-1,-1,-1,-1,-1,-1,-1,62,-1,-1,-1,-1,-1,-1,-1,-1,-1,-1,-1
-1,-1,-1,-1,95,62,62,-1,-1,95,-1,-1,-1,-1,-1,-1,-1,95,-1,-1,-1,95,95,95,-1,-1,-1,-1,-1,95,-1,62,-1,-1,-1,-1,-1,-1,-1,-1,-1,-1,-1,-1,-1,-1,-1,-1,-1,-1
-1,-1,-1,-1,95,62,-1,-1,-1,-1,-1,-1,-1,-1,-1,-1,-1,95,95,-1,-1,95,-1,95,-1,-1,-1,-1,-1,95,-1,-1,-1,-1,-1,-1,-1,-1,-1,62,-1,-1,-1,-1,-1,-1,-1,-1,-1,-1
-1,-1,-1,-1,95,62,-1,-1,-1,-1,-1,-1,-1,-1,-1,-1,-1,-1,95,95,-1,95,-1,-1,95,-1,-1,-1,-1,-1,95,-1,-1,-1,-1,-1,-1,-1,-1,62,-1,-1,-1,-1,-1,-1,-1,-1,-1,-1
-1,-1,-1,-1,-1,62,62,-1,-1,95,-1,-1,-1,-1,-1,-1,-1,-1,-1,95,-1,95,-1,-1,95,-1,-1,-1,-1,-1,62,-1,-1,-1,-1,-1,-1,-1,-1,-1,62,-1,-1,-1,-1,-1,-1,-1,-1,-1
-1,-1,-1,-1,-1,62,-1,-1,-1,95,-1,-1,-1,-1,-1,-1,-1,-1,-1,-1,95,95,-1,-1,-1,95,-1,-1,-1,-1,95,95,-1,-1,-1,-1,-1,-1,-1,-1,-1,-1,-1,-1,-1,-1,-1,-1,-1,-1
-1,-1,-1,-1,-1,95,-1,62,-1,95,-1,-1,95,95,-1,-1,-1,-1,-1,-1,95,95,-1,-1,-1,95,-1,-1,-1,-1,-1,95,-1,-1,-1,-1,-1,-1,-1,-1,62,-1,-1,-1,-1,-1,-1,-1,-1,-1
-1,-1,-1,-1,-1,-1,95,-1,-1,95,-1,-1,-1,95,95,95,95,-1,-1,-1,95,95,95,-1,-1,95,-1,-1,62,-1,-1,95,95,-1,-1,-1,-1,-1,-1,-1,-1,62,-1,-1,-1,-1,-1,-1,-1,-1
-1,-1,-1,-1,-1,62,62,62,62,62,62,62,62,62,62,-1,62,62,62,62,62,-1,62,62,62,62,62,62,62,62,62,62,62,-1,-1,-1,-1,-1,-1,-1,-1,-1,-1,-1,-1,-1,-1,-1,-1,95
-1,-1,-1,-1,62,62,95,-1,-1,95,-1,-1,-1,-1,-1,-1,-1,-1,-1,95,95,95,-1,95,-1,95,-1,62,-1,-1,-1,-1,62,62,62,-1,-1,-1,-1,-1,-1,-1,-1,-1,-1,-1,-1,-1,95,95
-1,-1,-1,-1,62,-1,95,-1,62,95,-1,-1,-1,-1,-1,-1,-1,-1,-1,95,-1,-1,-1,95,-1,95,-1,-1,-1,-1,-1,-1,-1,95,-1,-1,-1,-1,-1,-1,-1,-1,62,-1,-1,-1,-1,95,95,-1
-1,-1,-1,-1,62,-1,95,-1,-1,95,-1,-1,-1,-1,-1,-1,-1,95,95,-1,-1,-1,-1,-1,95,95,-1,-1,-1,-1,-1,-1,-1,-1,95,95,-1,-1,-1,-1,-1,-1,-1,-1,-1,-1,95,95,-1,-1
-1,-1,-1,-1,62,-1,-1,95,-1,95,-1,-1,-1,-1,-1,-1,95,-1,-1,-1,-1,-1,-1,-1,95,62,-1,-1,-1,-1,-1,-1,-1,-1,-1,95,95,-1,-1,-1,-1,-1,62,-1,95,95,-1,-1,-1,-1
95,-1,-1,-1,62,-1,-1,95,-1,62,-1,-1,-1,-1,-1,-1,95,-1,-1,-1,-1,-1,-1,-1,-1,95,-1,-1,-1,-1,-1,-1,-1,-1,-1,-1,95,-1,-1,62,-1,-1,62,95,-1,-1,-1,-1,-1,-1
-1,95,95,-1,62,-1,-1,95,-1,95,-1,-1,-1,-1,-1,95,-1,-1,-1,-1,-1,-1,-1,-1,62,95,-1,-1,-1,-1,-1,-1,-1,-1,-1,-1,-1,95,95,62,-1,95,-1,-1,-1,-1,-1,-1,-1,-1
-1,-1,95,95,62,-1,-1,95,95,95,62,-1,-1,-1,-1,95,62,-1,-1,-1,-1,-1,-1,-1,-1,-1,95,-1,-1,-1,-1,-1,-1,-1,-1,-1,-1,-1,95,62,95,-1,62,-1,-1,-1,-1,-1,-1,-1
-1,-1,-1,-1,62,95,-1,-1,95,95,-1,-1,-1,-1,95,-1,62,62,-1,-1,-1,-1,-1,-1,-1,-1,-1,-1,-1,-1,-1,-1,-1,-1,-1,-1,95,-1,95,62,-1,-1,62,-1,-1,-1,-1,-1,-1,-1
-1,-1,-1,-1,-1,95,95,95,95,95,-1,-1,-1,-1,95,-1,-1,-1,62,-1,-1,-1,62,-1,-1,-1,95,-1,-1,-1,-1,-1,-1,-1,-1,95,-1,-1,-1,62,-1,62,-1,-1,-1,-1,-1,-1,-1,-1
-1,-1,-1,-1,62,-1,-1,-1,95,95,62,-1,-1,-1,95,-1,-1,-1,-1,62,62,-1,-1,-1,-1,-1,-1,95,-1,-1,-1,-1,-1,-1,95,-1,-1,-1,-1,62,95,62,-1,-1,-1,-1,-1,-1,-1,-1
-1,-1,-1,-1,62,-1,-1,-1,-1,95,95,-1,-1,95,-1,-1,-1,-1,-1,-1,-1,62,62,-1,-1,-1,-1,95,-1,-1,-1,-1,-1,95,-1,-1,-1,-1,-1,62,95,62,-1,-1,-1,-1,-1,-1,-1,-1
-1,-1,-1,-1,-1,-1,-1,-1,-1,-1,-1,62,-1,95,-1,-1,-1,-1,-1,-1,-1,-1,-1,62,-1,-1,-1,95,-1,-1,95,-1,-1,-1,-1,-1,-1,-1,-1,62,95,62,-1,-1,-1,-1,-1,-1,-1,-1
-1,-1,-1,-1,-1,62,-1,-1,-1,-1,-1,-1,95,95,-1,-1,-1,-1,-1,-1,-1,62,-1,62,62,-1,-1,-1,-1,-1,95,-1,-1,-1,-1,-1,-1,-1,-1,62,95,62,-1,-1,-1,-1,-1,-1,-1,-1
-1,-1,-1,-1,-1,62,-1,-1,-1,-1,-1,-1,95,95,-1,-1,-1,-1,-1,-1,62,-1,-1,-1,-1,62,62,-1,-1,95,-1,-1,-1,-1,-1,-1,-1,-1,62,62,62,95,-1,-1,-1,-1,-1,-1,-1,-1
-1,-1,-1,-1,-1,62,-1,-1,-1,-1,-1,62,-1,95,95,-1,-1,-1,-1,-1,-1,-1,-1,-1,-1,-1,-1,62,62,95,62,62,62,62,62,62,-1,-1,62,62,62,95,-1,-1,-1,-1,-1,-1,-1,-1
-1,-1,-1,-1,-1,-1,62,-1,-1,-1,-1,-1,-1,-1,-1,95,-1,-1,-1,62,-1,-1,-1,-1,-1,-1,-1,-1,95,62,62,-1,-1,-1,-1,62,62,-1,62,-1,-1,95,-1,-1,-1,-1,-1,-1,-1,-1
-1,-1,-1,-1,-1,-1,-1,-1,-1,-1,-1,-1,-1,95,-1,95,95,-1,62,-1,-1,-1,-1,-1,-1,-1,-1,-1,95,-1,62,62,62,62,62,62,62,62,-1,-1,-1,95,-1,-1,-1,-1,-1,95,-1,-1
-1,-1,-1,-1,-1,-1,-1,62,-1,-1,-1,-1,-1,-1,-1,-1,95,62,-1,-1,-1,-1,-1,62,-1,-1,-1,-1,95,-1,95,-1,-1,-1,-1,-1,-1,62,62,-1,-1,95,-1,-1,-1,-1,-1,-1,-1,-1
-1,-1,-1,-1,-1,-1,-1,62,-1,-1,-1,-1,62,95,-1,-1,-1,62,95,-1,-1,-1,-1,-1,-1,-1,-1,-1,95,-1,-1,-1,-1,-1,-1,-1,-1,62,62,-1,95,95,-1,-1,-1,-1,-1,-1,-1,-1
-1,-1,-1,-1,-1,-1,-1,-1,62,-1,-1,-1,-1,-1,-1,-1,62,-1,-1,95,-1,-1,62,-1,-1,-1,-1,-1,95,-1,-1,-1,-1,-1,-1,-1,62,-1,95,62,-1,95,-1,-1,-1,-1,-1,-1,-1,-1
-1,-1,-1,-1,-1,-1,-1,-1,-1,-1,-1,-1,62,-1,95,-1,-1,-1,-1,95,95,-1,62,-1,-1,-1,-1,-1,-1,95,-1,-1,-1,-1,95,95,62,-1,-1,-1,62,-1,-1,-1,-1,95,-1,-1,-1,-1
-1,-1,-1,-1,-1,-1,-1,-1,-1,62,-1,-1,-1,-1,95,62,62,-1,-1,-1,-1,62,-1,-1,-1,-1,-1,-1,-1,-1,95,95,95,95,-1,62,-1,-1,-1,-1,-1,62,-1,-1,-1,95,-1,-1,-1,-1
-1,-1,-1,-1,-1,-1,-1,-1,-1,62,-1,-1,-1,-1,-1,62,-1,-1,-1,-1,-1,62,-1,-1,-1,-1,-1,-1,-1,-1,95,95,95,-1,62,-1,-1,-1,-1,-1,-1,62,-1,-1,-1,95,-1,-1,-1,-1
-1,-1,-1,-1,-1,-1,-1,-1,-1,62,62,62,62,-1,95,-1,-1,-1,-1,-1,-1,-1,95,95,-1,-1,-1,-1,95,95,-1,-1,95,95,62,-1,-1,-1,-1,-1,-1,95,62,-1,-1,95,-1,-1,-1,-1
-1,-1,-1,-1,-1,-1,-1,-1,-1,-1,-1,-1,-1,-1,-1,62,-1,-1,-1,-1,-1,62,-1,95,95,95,95,-1,-1,-1,-1,-1,95,62,95,95,-1,-1,-1,-1,62,95,-1,62,-1,95,-1,-1,-1,-1
-1,-1,-1,-1,-1,-1,-1,-1,-1,-1,-1,-1,-1,-1,-1,62,-1,-1,-1,-1,62,62,-1,-1,95,95,-1,-1,-1,-1,-1,-1,62,-1,-1,-1,95,95,-1,95,62,95,-1,-1,-1,-1,-1,-1,-1,-1