,55-1,-1,-1,-1,-1,-1,-1,-1,-1,-1,-1,-1,-1,-1,-1,-1,-1,-1,-1,-1,-1,-1,-1,-1,-1,-1,-1,-1,-1,-1,-1,-1,-1,-1,-1,-1,-1,-1,-1,-1,-1,-1,-1,-1,-1,-1,-1,-1,-1,-1
-1,-1,-1,-1,-1,-1,-1,-1,-1,-1,-1,-1,-1,-1,-1,-1,-1,-1,-1,-1,-1,-1,-1,-1,-1,-1,-1,-1,-1,-1,-1,-1,-1,-1,-1,-1,-1,-1,-1,-1,-1,-1,-1,-1,-1,-1,-1,-1,-1,-1
-1,-1,-1,-1,-1,-1,-1,-1,-1,-1,-1,-1,-1,-1,-1,-1,-1,-1,-1,-1,-1,-1,-1,-1,-1,-1,-1,-1,-1,-1,-1,-1,-1,-1,-1,-1,-1,-1,-1,-1,-1,-1,-1,-1,-1,-1,-1,-1,-1,-1,55
-1,-1,-1,-1,-1,-1,-1,-1,-1,-1,-1,-1,-1,-1,-1,-1,-1,-1,-1,-1,-1,-1,-1,-1,-1,-1,-1,-1,-1,-1,-1,-1,-1,-1,-1,-1,-1,-1,-1,-1,-1,-1,-1,-1,-1,-1,-1,-1,-1,-1
-1,-1,-1,-1,-1,-1,-1,-1,-1,-1,-1,-1,-1,-1,-1,-1,-1,-1,-1,-1,-1,-1,-1,-1,-1,-1,-1,-1,-1,-1,-1,-1,-1,-1,-1,-1,-1,-1,-1,-1,-1,-1,-1,-1,-1,-1,-1,-1,-1,-1
-1,-1,-1,-1,-1,-1,-1,-1,-1,-1,-1,-1,-1,-1,-1,-1,-1,-1,-1,-1,-1,-1,-1,-1,-1,-1,-1,-1,-1,-1,-1,-1,-1,-1,-1,-1,-1,-1,-1,-1,-1,-1,-1,-1,-1,-1,-1,-1,-1,-1
-1,-1,-1,-1,-1,-1,-1,-1,-1,-1,-1,-1,-1,-1,-1,-1,-1,-1,-1,-1,-1,-1,-1,-1,-1,-1,-1,-1,-1,-1,-1,-1,-1,-1,-1,-1,-1,-1,-1,-1,-1,55,-1,55,55,-1,55,55,55,-1
-1,-1,-1,-1,-1,-1,-1,-1,-1,-1,-1,-1,-1,-1,-1,-1,-1,-1,-1,-1,-1,-1,-1,-1,-1,-1,-1,-1,-1,-1,-1,-1,-1,-1,-1,-1,-1,-1,-1,-1,55,-1,-1,-1,-1,-1,-1,-1,-1,-1,55,55,55
-1,-1,-1,-1,-1,-1,-1,-1,-1,-1,-1,-1,-1,-1,-1,-1,-1,-1,-1,-1,-1,-1,-1,-1,-1,-1,-1,-1,-1,-1,-1,-1,-1,-1,-1,-1,-1,-1,55,55,-1,-1,-1,-1,-1,-1,-1,-1,-1,-1,55,55
-1,-1,-1,-1,-1,-1,-1,-1,-1,-1,-1,-1,-1,-1,-1,-1,-1,-1,-1,-1,-1,-1,-1,-1,-1,-1,-1,-1,-1,-1,-1,-1,-1,-1,-1,-1,55,55,-1,-1,-1,-1,-1,-1,-1,-1,-1,-1,-1,-1,55
-1,-1,-1,-1,-1,-1,-1,-1,-1,-1,-1,-1,-1,-1,-1,-1,-1,-1,-1,-1,-1,-1,-1,-1,-1,-1,-1,-1,-1,-1,-1,-1,-1,-1,55,-1,-1,-1,-1,-1,-1,-1,-1,-1,-1,-1,-1,-1,-1,-1,55
-1,-1,-1,-1,-1,-1,-1,-1,-1,-1,-1,-1,-1,-1,-1,-1,-1,-1,-1,-1,-1,-1,-1,-1,-1,-1,-1,-1,-1,-1,-1,-1,-1,55,-1,-1,-1,-1,-1,-1,-1,-1,-1,-1,-1,-1,-1,-1,-1,-1,55
-1,-1,-1,-1,-1,-1,-1,-1,-1,-1,-1,-1,-1,-1,-1,-1,-1,-1,-1,-1,-1,-1,-1,-1,-1,-1,-1,-1,-1,-1,-1,-1,55,-1,-1,-1,-1,-1,-1,-1,-1,-1,-1,-1,-1,-1,-1,-1,-1,-1,55
66,-1,-1,-1,-1,-1,-1,-1,-1,-1,-1,-1,-1,-1,-1,-1,-1,-1,-1,-1,-1,-1,-1,-1,-1,-1,-1,-1,-1,-1,-1,-1,55,-1,-1,-1,-1,-1,-1,-1,-1,-1,-1,-1,-1,-1,-1,-1,-1,-1,-1,55,55,55,55,55,55
-1,-1,-1,-1,-1,-1,-1,-1,-1,-1,-1,-1,-1,-1,-1,-1,-1,-1,-1,-1,-1,-1,-1,-1,-1,-1,-1,-1,-1,-1,-1,-1,-1,-1,-1,-1,-1,-1,-1,-1,-1,-1,-1,-1,-1,-1,-1,-1,-1,-1,55,55,55
-1,-1,-1,-1,-1,-1,-1,-1,-1,-1,-1,-1,-1,-1,-1,-1,-1,-1,-1,-1,-1,-1,-1,-1,-1,-1,-1,-1,-1,-1,55,-1,-1,-1,-1,-1,-1,-1,-1,-1,-1,-1,-1,-1,-1,-1,-1,-1,-1,-1,55,55,55,55,55
-1,-1,-1,-1,-1,-1,-1,-1,-1,-1,-1,-1,-1,-1,-1,-1,-1,-1,-1,-1,-1,-1,-1,-1,-1,-1,-1,-1,-1,55,-1,-1,-1,-1,-1,-1,-1,-1,-1,-1,-1,-1,-1,-1,-1,-1,-1,-1,-1,-1,55,55,55,55
-1,-1,-1,-1,-1,-1,-1,-1,-1,-1,-1,-1,-1,-1,-1,-1,-1,-1,-1,-1,-1,-1,-1,-1,-1,-1,-1,-1,-1,-1,-1,-1,-1,-1,-1,-1,-1,-1,-1,-1,-1,-1,-1,-1,-1,-1,-1,-1,-1,-1,55,55
-1,-1,-1,-1,-1,-1,-1,-1,-1,-1,-1,-1,-1,-1,-1,-1,-1,-1,-1,-1,-1,-1,-1,-1,-1,-1,-1,-1,55,-1,-1,-1,-1,-1,-1,-1,55,55,-1,-1,-1,-1,-1,-1,-1,-1,-1,-1,-1,-1,55,55,55
-1,-1,-1,-1,-1,-1,-1,-1,-1,-1,-1,-1,-1,-1,-1,-1,-1,-1,-1,-1,-1,-1,-1,-1,-1,-1,-1,-1,55,-1,-1,-1,-1,-1,-1,-1,-1,55,55,-1,-1,-1,-1,-1,-1,-1,-1,-1,-1,-1,55,55,55
-1,-1,-1,-1,-1,-1,-1,-1,-1,-1,-1,-1,-1,-1,-1,-1,-1,-1,-1,-1,-1,-1,-1,-1,-1,-1,-1,55,-1,-1,-1,-1,-1,-1,-1,-1,-1,-1,55,-1,-1,-1,-1,-1,-1,-1,-1,-1,-1,-1,66,66,66,55,66,66,66,66,66,66,66,66,66,66,66,66
-1,-1,-1,-1,-1,-1,-1,-1,-1,-1,-1,-1,-1,-1,-1,-1,-1,-1,-1,-1,-1,-1,-1,-1,-1,-1,-1,-1,-1,-1,-1,-1,-1,-1,-1,-1,-1,-1,55,55,-1,-1,-1,-1,-1,-1,-1,-1,-1,-1,55,55,55,66,66,55
-1,-1,-1,-1,-1,-1,-1,-1,-1,-1,-1,-1,-1,-1,-1,-1,-1,-1,-1,-1,-1,-1,-1,-1,-1,-1,-1,55,-1,-1,-1,-1,-1,-1,-1,-1,-1,-1,-1,55,-1,-1,-1,-1,-1,-1,-1,-1,-1,-1,55,66,66
-1,-1,-1,-1,-1,-1,-1,-1,-1,-1,-1,-1,55,-1,-1,-1,-1,-1,-1,-1,-1,-1,-1,-1,-1,-1,-1,55,-1,-1,-1,-1,-1,-1,-1,-1,-1,-1,-1,-1,-1,-1,-1,-1,-1,-1,-1,-1,55,-1,55,55,55,55,55,55,55,55,55,55,55,66
-1,-1,-1,-1,-1,-1,-1,-1,-1,-1,-1,-1,-1,-1,-1,-1,-1,-1,-1,-1,-1,-1,-1,-1,-1,-1,-1,-1,-1,-1,-1,-1,-1,-1,-1,-1,-1,-1,-1,55,55,-1,-1,-1,-1,-1,-1,-1,-1,-1,55,55,55,55,55,66,66
-1,-1,-1,-1,-1,-1,-1,-1,-1,-1,-1,-1,-1,-1,-1,-1,-1,-1,-1,-1,-1,-1,-1,-1,-1,-1,-1,55,-1,-1,-1,-1,-1,-1,-1,-1,-1,-1,-1,-1,-1,-1,-1,-1,-1,-1,-1,-1,-1,-1,55,55,55,55,55,55,55,66
-1,-1,-1,-1,-1,-1,-1,-1,-1,-1,-1,-1,-1,-1,-1,-1,-1,-1,-1,-1,-1,-1,-1,-1,-1,-1,-1,-1,-1,55,55,-1,-1,-1,-1,-1,-1,-1,-1,-1,55,-1,-1,-1,-1,-1,-1,-1,-1,-1,55,55,55,55
-1,-1,-1,-1,-1,-1,-1,-1,-1,-1,-1,-1,-1,-1,-1,-1,-1,-1,-1,-1,-1,-1,-1,-1,-1,-1,-1,55,55,-1,-1,-1,-1,-1,-1,-1,-1,-1,-1,-1,-1,-1,-1,-1,-1,-1,-1,-1,-1,-1,55,55,55,55,55,55
-1,-1,-1,-1,-1,-1,-1,-1,-1,-1,-1,-1,-1,-1,-1,-1,-1,-1,-1,-1,-1,-1,-1,-1,-1,-1,-1,55,-1,-1,-1,-1,-1,-1,-1,-1,-1,-1,-1,-1,55,-1,-1,-1,-1,-1,-1,-1,-1,-1,55,55
-1,-1,-1,-1,-1,-1,-1,-1,-1,-1,-1,-1,-1,-1,-1,-1,-1,-1,-1,-1,-1,-1,-1,-1,-1,-1,55,55,-1,-1,-1,-1,-1,-1,-1,-1,-1,-1,-1,-1,55,-1,-1,-1,-1,-1,-1,-1,-1,-1,55,55,55,55,66,55
-1,-1,-1,-1,-1,-1,-1,-1,-1,-1,-1,-1,-1,-1,-1,-1,-1,-1,-1,-1,-1,-1,-1,-1,-1,55,-1,-1,-1,-1,-1,-1,-1,-1,-1,-1,-1,-1,-1,-1,-1,-1,-1,-1,-1,-1,-1,-1,-1,-1,55,55,55,55,66,55,55
-1,-1,-1,-1,-1,-1,-1,-1,-1,-1,-1,-1,-1,-1,-1,-1,-1,-1,-1,-1,-1,-1,-1,-1,-1,-1,-1,55,-1,-1,-1,-1,-1,-1,-1,-1,-1,-1,-1,-1,55,-1,-1,-1,-1,-1,-1,-1,-1,-1,55,55,55,55,55,55,55,55,55,55,55,55
-1,-1,-1,-1,-1,-1,-1,-1,-1,-1,-1,-1,-1,-1,-1,-1,-1,-1,-1,-1,-1,-1,-1,-1,55,-1,-1,-1,-1,-1,-1,-1,-1,-1,-1,-1,-1,-1,-1,-1,55,-1,-1,-1,-1,-1,-1,-1,-1,-1,55,55,55,55,55,55,55,55,55,66,55
-1,-1,-1,-1,-1,-1,-1,-1,-1,-1,-1,-1,-1,-1,-1,-1,-1,-1,-1,-1,-1,-1,-1,55,-1,-1,-1,55,-1,-1,-1,-1,-1,-1,-1,-1,-1,-1,-1,-1,-1,-1,-1,-1,-1,-1,-1,-1,-1,-1,55,55,55,66,55
-1,-1,-1,-1,-1,-1,-1,-1,-1,-1,-1,-1,-1,-1,-1,-1,-1,-1,-1,-1,-1,-1,55,-1,-1,-1,-1,55,-1,-1,-1,-1,-1,-1,-1,-1,-1,-1,-1,-1,55,-1,-1,-1,-1,-1,-1,-1,-1,55,55,55,55,55,55,55,55,55
-1,-1,-1,-1,-1,-1,-1,-1,-1,-1,-1,-1,-1,-1,-1,-1,-1,-1,-1,-1,-1,-1,-1,-1,-1,-1,-1,-1,-1,-1,-1,-1,-1,-1,-1,-1,-1,-1,-1,-1,55,-1,-1,-1,-1,-1,-1,55,-1,-1,55,55,55,55,66
-1,-1,-1,-1,-1,-1,-1,-1,-1,-1,-1,-1,-1,-1,-1,-1,-1,-1,-1,-1,-1,55,-1,-1,-1,-1,-1,-1,-1,-1,-1,-1,-1,-1,-1,-1,-1,-1,-1,-1,-1,-1,-1,-1,-1,55,-1,-1,66,66,55,66,55,55
-1,-1,-1,-1,-1,-1,-1,-1,-1,-1,-1,-1,-1,-1,-1,-1,-1,-1,-1,-1,55,-1,-1,-1,-1,-1,-1,55,-1,-1,-1,-1,-1,-1,-1,-1,-1,-1,-1,-1,55,-1,-1,-1,-1,-1,-1,-1,-1,66,66,66,55,55
-1,-1,-1,-1,-1,-1,-1,-1,-1,-1,-1,-1,-1,-1,-1,-1,-1,-1,-1,55,-1,55,55,-1,-1,-1,-1,-1,55,-1,-1,-1,-1,-1,-1,-1,-1,-1,-1,-1,55,-1,55,-1,-1,-1,-1,-1,-1,-1,66,66,55,55,55,66,55,55
-1,-1,-1,-1,-1,-1,-1,-1,-1,-1,-1,-1,-1,-1,-1,-1,-1,-1,-1,-1,55,55,-1,-1,-1,-1,-1,-1,-1,-1,-1,-1,-1,-1,-1,-1,-1,-1,-1,55,55,-1,-1,-1,-1,-1,-1,-1,-1,-1,66,66,55,66
-1,-1,-1,-1,-1,-1,-1,-1,-1,-1,-1,-1,-1,-1,-1,-1,-1,55,55,55,-1,-1,-1,-1,-1,-1,-1,-1,55,-1,-1,-1,-1,-1,-1,-1,-1,-1,-1,-1,-1,-1,-1,-1,-1,-1,-1,-1,-1,-1,55,55,55
-1,-1,-1,-1,-1,-1,-1,-1,-1,-1,-1,-1,-1,-1,55,-1,55,55,-1,-1,-1,-1,-1,-1,-1,-1,-1,-1,-1,-1,-1,-1,-1,-1,-1,-1,-1,-1,55,55,-1,-1,-1,-1,-1,-1,-1,-1,-1,-1,55,66,55,66,55,55,55,55,55
-1,-1,-1,-1,-1,-1,55,-1,55,-1,55,-1,55,-1,-1,-1,-1,55,-1,-1,-1,-1,-1,-1,-1,-1,-1,-1,55,-1,-1,-1,-1,-1,-1,-1,-1,-1,55,-1,-1,-1,-1,-1,-1,-1,-1,-1,-1,-1,66,55,55,55,55
55,-1,55,-1,-1,-1,-1,-1,-1,-1,-1,-1,-1,-1,-1,-1,55,-1,-1,-1,-1,-1,-1,-1,-1,-1,-1,-1,-1,-1,-1,-1,-1,-1,-1,55,-1,55,-1,-1,-1,-1,-1,-1,-1,-1,-1,-1,-1,-1,55,66,66,66,55,66,55,55,55
55,55,-1,-1,-1,-1,-1,-1,-1,-1,-1,-1,-1,-1,-1,-1,-1,55,-1,-1,-1,-1,-1,-1,-1,-1,-1,-1,-1,-1,55,-1,-1,-1,-1,55,-1,-1,-1,-1,-1,-1,-1,-1,-1,-1,-1,-1,-1,-1,-1,-1,66,66,55,55
55,-1,-1,-1,-1,-1,-1,-1,-1,-1,-1,-1,-1,-1,55,55,-1,-1,-1,-1,-1,-1,-1,-1,-1,-1,-1,-1,-1,-1,55,-1,-1,-1,-1,-1,55,-1,-1,-1,-1,-1,-1,-1,-1,-1,-1,-1,-1,-1,-1,55,55,55,66,66,66,66,55,55,55
55,-1,-1,-1,-1,-1,-1,-1,-1,-1,-1,-1,-1,-1,55,55,-1,-1,-1,-1,-1,-1,-1,-1,-1,-1,-1,-1,-1,-1,-1,-1,-1,55,-1,55,-1,-1,-1,-1,-1,-1,-1,-1,-1,-1,-1,-1,-1,-1,-1,55,66,66,66,66,66,55,55
-1,-1,-1,-1,-1,-1,-1,-1,-1,-1,-1,-1,-1,-1,-1,55,55,-1,-1,-1,-1,-1,-1,-1,-1,-1,-1,-1,-1,55,-1,55,-1,-1,-1,-1,-1,-1,-1,-1,-1,-1,-1,-1,-1,-1,-1,-1,-1,-1,55,66,66,66,66,66,66,66,66,55,55
-1,-1,-1,-1,-1,-1,-1,-1,-1,-1,-1,-1,-1,-1,-1,-1,-1,-1,55,-1,55,55,-1,-1,-1,-1,55,-1,55,55,55,-1,-1,-1,-1,-1,-1,-1,-1,-1,-1,-1,-1,-1,-1,-1,-1,-1,-1,-1,55,66,55
-1,-1,-1,-1,-1,-1,-1,-1,-1,-1,-1,-1,-1,-1,-1,-1,-1,-1,-1,-1,-1,-1,-1,-1,-1,-1,-1,-1,-1,-1,-1,-1,-1,-1,-1,-1,-1,-1,-1,-1,-1,-1,-1,-1,-1,-1,-1,-1,-1,-1,55,55,55,66,55,55
55,55,55,66,55,55
55,55,55,66,55
55,55,55,55,55
55,55,55,55,55
55,55,55,55,55,55
55,55,55,55,55,55,55,55
55,55,55,55,55,55,55,55,55,55
55,55,55,55,55,55
55,55,55,55,55,55,55,55
55,55,55,55,55,55
55,55,55,55,55,55,55,55
55,55,55,55,55,55
55,55,55,55,55,55,55,55
55,55,55,55,55,55,55,55,55
55,55,55,55
55,55,55,55,55,55
55,55,55,55
55,55,55,55
55,55,55,55
55
55,55,55
55,55,55,55
55
55
55,55,55
55,55,55
55,55,55
55,55,55
55,55
55,55,55,55
55
55,55,55
55,55,55
55
55,55,55,55,55,55
55
55,55,55
55,55,55,55,55
55,55,55,55,55
55,55,55,55
55,55,55
55,55,55
55,55,55,55
55,55,55,55,55,55
55,55,55
55,55,55
55,55,55,55,55,55,55,55
55,55,55
55,55,55,55,55
55,55,55,55
55,55,55,55,55
55,55,55,55,55,55
55,55
55,55,55,55,55,55
55,55,55,55,55,55
55,55,55,55,55
55,55,55,55,55,55
55,55,55,55,55,55
55,55,55,55,55
55,55,55,55,55
55,55,55,55,55,55,55
55,55,55,55
55,55,55,55,55,55
55,55,55,55,55,55,55
55,55,55,55,55,55,55
55,55,55,55,55,55,55,55,55,55
55,55,55,55,55,55
55,55,55,55,55,55,55,55,55
55,55,55,55,55,55,55,55,55,55,55,55,55,55,55,55,55
55,55,55,55
55,55,55,55,55,55,55,55,55,55
55,55,55
55,55,55
55,55
55,55,55,55,55,55,55
55,55,55,55
55,55,55
55,55
55,55,55,55
55,55,55,55
55,55
55,55,55,55,55,55
55,55
55,55,55,55
55,55,55,55,55
55,55,55,55,55
55,55,55
55,55
55,55
55,55
55,55,55,55
55,55,55,55,55,55,55,55,55
55
55
55,55
55
55
55
55