61,-1,-1,-1,-1,-1,-1,-1,-1,-1,-1,-1,-1,-1,-1,-1,-1,61,61,-1,-1,-1,-1,-1,-1,-1,-1,-1,-1,-1,-1,-1,-1,-1,-1,-1,-1,-1,-1,-1,-1
61,61,61,-1,-1,-1,-1,-1,-1,-1,-1,-1,-1,-1,-1,-1,-1,-1,-1,61,-1,-1,-1,-1,-1,-1,-1,-1,-1,-1,-1,-1,-1,-1,-1,-1,-1,-1,-1,-1,-1,-1,-1
13,61,61,61,61,61,61,-1,-1,-1,-1,-1,-1,-1,-1,-1,-1,-1,-1,-1,-1,-1,-1,61,-1,-1,-1,-1,-1,-1,-1,-1,-1,-1,-1,-1,-1,-1,-1,-1,-1,-1,-1,-1,-1,-1,-1
61,61,61,13,13,13,13,-1,-1,-1,-1,-1,-1,-1,-1,-1,-1,-1,-1,-1,-1,-1,61,-1,-1,-1,-1,-1,-1,-1,-1,-1,-1,-1,-1,-1,-1,-1,-1,-1,-1,-1,-1,-1,-1,-1,-1
61,61,13,13,13,13,13,13,13,13,-1,-1,-1,-1,-1,-1,-1,-1,-1,-1,-1,-1,-1,-1,61,61,-1,-1,-1,-1,-1,-1,-1,-1,-1,-1,-1,-1,-1,-1,-1,-1,-1,-1,-1,-1,-1,-1,-1,-1
13,13,13,13,61,13,13,13,13,61,61,61,61,61,-1,-1,-1,-1,-1,-1,-1,-1,-1,61,-1,-1,-1,-1,-1,-1,-1,-1,-1,-1,-1,-1,-1,-1,-1,-1,-1,-1,-1,-1,-1,-1,-1,-1,-1
13,61,61,13,13,61,13,13,-1,-1,-1,-1,61,61,61,61,-1,-1,-1,-1,61,-1,-1,-1,-1,-1,-1,-1,-1,-1,-1,-1,-1,-1,-1,-1,-1,-1,-1,-1,-1,-1,-1,-1,-1,-1,-1
13,13,61,13,13,61,61,13,-1,-1,-1,-1,-1,-1,-1,61,61,-1,-1,-1,61,-1,-1,-1,-1,-1,-1,-1,-1,-1,-1,-1,-1,-1,-1,-1,-1,-1,-1,-1,-1,-1,-1,-1,-1,-1,-1
13,13,13,61,13,13,61,61,61,61,13,-1,-1,-1,-1,-1,-1,-1,61,-1,-1,61,61,61,61,61,61,61,61,61,61,-1,-1,-1,-1,-1,-1,-1,-1,-1,-1,-1,-1,-1,-1,-1,-1,-1,-1
13,13,13,61,61,13,61,61,-1,13,61,-1,-1,-1,-1,-1,-1,61,-1,61,61,-1,-1,-1,-1,-1,-1,-1,-1,61,-1,-1,-1,-1,-1,-1,-1,-1,-1,-1,-1,-1,-1,-1,-1,-1,-1,-1
13,13,61,61,61,13,61,61,-1,13,-1,-1,-1,-1,-1,-1,61,61,61,61,-1,-1,-1,-1,-1,-1,-1,-1,61,61,-1,-1,-1,-1,-1,-1,-1,-1,-1,-1,-1,-1,-1,-1,-1,-1,-1,-1
13,13,13,61,61,13,61,61,61,61,61,61,13,61,61,61,61,61,61,61,61,61,61,61,61,61,61,61,61,61,61,61,-1,-1,-1,-1,-1,-1,-1,-1,-1,-1,-1,-1,-1,-1,-1,-1,-1,-1,-1
13,13,61,61,13,61,61,61,61,13,13,13,-1,61,61,61,61,-1,61,-1,61,61,-1,-1,61,-1,-1,-1,85,-1,-1,-1,-1,-1,-1,-1,-1,-1,-1,-1,13,13,13,13,13,13,-1,-1,-1,-1
61,61,13,13,61,61,13,13,13,13,61,61,61,61,61,-1,-1,-1,61,61,-1,61,-1,-1,61,-1,-1,-1,-1,85,-1,-1,-1,-1,-1,-1,-1,-1,-1,-1,13,-1,-1,-1,-1,13,-1,-1,-1,-1
61,61,13,13,13,13,13,13,13,13,13,13,13,13,13,13,13,13,61,-1,-1,-1,61,61,61,61,61,61,61,-1,-1,-1,-1,85,-1,-1,-1,-1,-1,-1,-1,-1,13,13,-1,-1,-1,-1,-1,13,-1,-1,-1,-1
13,61,13,13,61,61,61,-1,-1,-1,-1,13,13,-1,61,61,61,-1,61,-1,-1,-1,-1,-1,-1,-1,85,-1,-1,-1,-1,-1,-1,-1,13,13,-1,-1,-1,-1,-1,-1,13,-1,-1,-1,-1
61,61,13,13,61,61,61,-1,61,61,-1,-1,61,13,13,61,-1,-1,61,-1,-1,-1,-1,-1,61,61,61,61,61,61,61,61,61,61,13,61,-1,-1,-1,-1,-1,13,13,-1,-1,-1,-1
13,61,61,13,13,61,61,61,-1,-1,61,61,61,61,-1,-1,61,-1,-1,61,-1,-1,-1,-1,61,61,-1,85,-1,-1,13,-1,-1,-1,-1,13,-1,61,61,-1,-1,-1,13,-1,-1,-1,-1,-1
13,61,13,13,61,61,61,61,61,-1,61,-1,61,61,61,61,61,13,13,-1,61,-1,61,-1,61,61,-1,-1,85,-1,-1,13,13,13,-1,13,-1,-1,-1,-1,61,61,13,13,-1,-1,-1,-1,-1
61,61,13,61,61,61,61,61,61,-1,-1,-1,61,-1,61,61,-1,61,61,61,13,61,61,61,61,85,-1,-1,85,-1,-1,-1,-1,-1,13,13,-1,13,-1,-1,-1,13,13,-1,-1,-1,-1,-1,-1
13,61,13,13,61,61,-1,61,61,-1,-1,-1,61,-1,-1,61,61,61,13,61,61,61,85,85,85,85,-1,-1,61,61,61,-1,13,-1,-1,13,13,13,13,-1,61,-1,-1,-1,-1,-1
61,61,13,61,61,61,61,-1,-1,-1,61,-1,-1,61,61,61,61,-1,-1,13,61,-1,-1,-1,-1,-1,-1,-1,-1,-1,-1,-1,13,61,61,61,61,61,61,-1,61,61,-1,-1,-1,-1
61,13,13,61,61,61,61,-1,-1,-1,-1,-1,-1,-1,61,61,61,61,61,-1,61,13,-1,-1,-1,-1,-1,-1,-1,-1,-1,-1,-1,13,-1,-1,-1,-1,-1,-1,61,61,61,-1,-1,-1,-1
13,13,61,61,61,-1,-1,-1,-1,-1,-1,-1,61,61,61,61,-1,-1,61,-1,13,61,-1,61,-1,-1,-1,-1,-1,-1,-1,13,-1,-1,-1,-1,-1,-1,-1,-1,-1,-1,-1,-1,-1
13,13,13,61,61,61,61,61,61,61,61,61,61,61,61,61,61,61,-1,61,61,61,61,61,61,61,61,61,-1,61,-1,-1,-1,13,13,-1,-1,61,-1,61,61,61,13,-1,-1,-1,-1,-1,-1,-1,-1,-1,-1,-1,-1,-1
13,13,61,61,61,61,-1,-1,-1,-1,-1,-1,-1,61,61,61,-1,-1,-1,-1,-1,-1,-1,-1,13,13,-1,-1,-1,-1,-1,-1,13,61,-1,-1,-1,-1,-1,-1,-1,-1,-1,-1,-1,-1
13,61,61,61,61,61,-1,-1,-1,-1,-1,-1,-1,61,61,-1,-1,-1,-1,-1,-1,-1,-1,-1,-1,-1,-1,-1,-1,-1,-1,13,-1,-1,-1,-1,-1,-1,-1,-1,-1,-1,-1,-1,-1
61,61,-1,-1,-1,-1,-1,-1,-1,-1,61,-1,-1,-1,-1,-1,-1,-1,-1,-1,-1,-1,-1,-1,-1,-1,61,13,-1,-1,-1,-1,-1,-1,-1,-1,-1,-1,-1,-1,-1
61,61,61,-1,-1,-1,-1,-1,-1,-1,-1,-1,-1,-1,-1,-1,-1,-1,-1,-1,-1,-1,-1,-1,-1,-1,61,-1,-1,-1,-1,-1,-1,-1,-1,-1,-1,-1,-1,-1,-1
61,61,61,-1,-1,-1,-1,-1,-1,-1,-1,-1,-1,-1,-1,-1,-1,-1,-1,-1,-1,-1,-1,-1,-1,61,61,-1,-1,13,-1,-1,-1,-1,-1,-1,-1,-1,-1,-1,-1,-1
61,61,61,61,-1,-1,-1,-1,-1,-1,-1,-1,-1,-1,-1,-1,-1,-1,-1,-1,-1,-1,-1,-1,-1,61,-1,-1,-1,13,-1,-1,-1,-1,-1,-1,-1,-1,-1,-1,-1,-1
61,61,61,61,61,-1,61,-1,-1,-1,-1,-1,-1,-1,-1,-1,-1,-1,-1,-1,-1,-1,-1,-1,61,61,-1,-1,-1,-1,-1,-1,13,-1,-1,-1,-1,-1,-1,-1,-1,-1,-1,-1
61,61,61,-1,-1,-1,-1,-1,-1,-1,-1,-1,-1,-1,-1,-1,-1,-1,-1,-1,-1,61,61,-1,-1,-1,-1,-1,-1,-1,-1,13,13,-1,-1,-1,-1,-1,-1,-1,-1,-1,-1
-1,-1,-1,61,-1,-1,-1,-1,-1,-1,-1,-1,-1,-1,-1,61,61,-1,-1,-1,-1,-1,-1,-1,-1,-1,-1,-1,-1,13,13,-1,-1,-1,-1,-1,-1,-1,-1,-1
-1,-1,-1,-1,-1,-1,-1,-1,-1,-1,-1,-1,-1,-1,61,-1,-1,-1,-1,-1,-1,-1,-1,-1,-1,-1,-1,-1,-1,-1,13,-1,-1,-1,-1,-1,-1,-1,-1,-1
-1,-1,-1,61,-1,-1,-1,-1,-1,-1,61,61,61,-1,-1,-1,-1,-1,-1,-1,-1,-1,-1,-1,-1,-1,-1,-1,-1,-1,-1,-1,-1,-1,-1,-1,-1,-1,-1,-1
-1,-1,-1,-1,61,-1,-1,61,61,-1,-1,-1,-1,-1,-1,-1,-1,-1,-1,-1,-1,-1,-1,-1,-1,-1,-1,-1,-1,-1,-1,-1,-1,-1,-1,-1,-1,-1,-1,-1
-1,-1,-1,-1,61,61,61,-1,-1,-1,-1,-1,-1,-1,-1,-1,-1,-1,-1,-1,-1,-1,-1,-1,-1,-1,-1,-1,-1,-1,-1,-1,-1,-1,-1,-1,-1,-1,-1,-1
-1,-1,-1,-1,61,-1,-1,-1,-1,-1,-1,-1,-1,-1,-1,-1,-1,-1,-1,-1,-1,-1,-1,-1,-1,-1,-1,-1,-1,-1,-1,-1,-1,-1,-1,-1,-1,-1,-1,-1
-1,-1,-1,-1,-1,-1,-1,-1,-1,-1,-1,-1,-1,-1,-1,-1,-1,-1,-1,-1,-1,-1,-1,-1,-1,-1,-1,-1,-1,-1,-1,-1,-1,-1,-1,-1,-1,-1,-1,-1