1,5,-144,79
1,5,-141,79
1,5,-138,79
1,5,-135,79
1,5,-131,79
1,5,-128,79
1,5,-125,79
1,5,-123,79
1,5,-121,79
1,5,-120,79
1,5,-118,79
1,6,-149,79
1,6,-146,79
1,6,-117,79
1,7,-150,79
1,7,-117,79
1,8,-152,79
1,8,-117,79
1,9,-154,79
1,9,-129,79
1,9,-128,79
1,9,-126,79
1,9,-125,79
1,9,-123,79
1,9,-117,79
1,10,-155,79
1,10,-154,79
1,10,-149,79
1,10,-148,79
1,10,-133,79
1,10,-132,79
1,10,-131,79
1,10,-121,79
1,10,-117,79
1,11,-155,79
1,11,-148,79
1,11,-134,79
1,12,-155,79
1,12,-154,79
1,12,-148,79
1,12,-134,79
1,12,-128,79
1,12,-127,79
1,12,-126,79
1,12,-125,79
1,12,-119,79
1,12,-117,79
1,12,-112,79
1,12,-111,79
1,12,-108,79
1,12,-106,79
1,12,-104,79
1,12,-102,79
1,13,-153,79
1,13,-151,79
1,13,-148,79
1,13,-135,79
1,13,-126,79
1,13,-125,79
1,13,-122,79
1,13,-118,79
1,13,-116,79
1,13,-114,79
1,13,-113,79
1,13,-112,79
1,13,-111,79
1,13,-100,79
1,13,-97,79
1,13,-95,79
1,13,-94,79
1,14,-149,79
1,14,-148,79
1,14,-144,79
1,14,-136,79
1,14,-122,79
1,14,-118,79
1,14,-117,79
1,14,-114,79
1,14,-111,79
1,14,-94,79
1,14,-93,79
1,14,-92,79
1,15,-139,79
1,15,-136,79
1,15,-133,79
1,15,-130,79
1,15,-127,79
1,15,-121,79
1,15,-120,79
1,15,-116,79
1,15,-114,79
1,15,-113,79
1,15,-94,79
1,15,-92,79
1,16,-148,79
1,16,-136,79
1,16,-133,79
1,16,-132,79
1,16,-131,79
1,16,-130,79
1,16,-123,79
1,16,-122,79
1,16,-120,79
1,16,-119,79
1,16,-118,79
1,16,-117,79
1,16,-116,79
1,16,-110,79
1,16,-108,79
1,16,-94,79
1,16,-91,79
1,17,-149,79
1,17,-136,79
1,17,-135,79
1,17,-134,79
1,17,-133,79
1,17,-126,79
1,17,-120,79
1,17,-116,79
1,17,-115,79
1,17,-106,79
1,17,-104,79
1,17,-100,79
1,17,-94,79
1,17,-91,79
1,18,-149,79
1,18,-135,79
1,18,-128,79
1,18,-122,79
1,18,-116,79
1,18,-115,79
1,18,-110,79
1,18,-103,79
1,18,-101,79
1,18,-95,79
1,18,-92,79
1,19,-137,79
1,19,-130,79
1,19,-123,79
1,19,-116,79
1,19,-115,79
1,19,-101,79
1,19,-96,79
1,19,-95,79
1,19,-93,79
1,20,-149,79
1,20,-138,79
1,20,-131,79
1,20,-124,79
1,20,-116,79
1,20,-114,79
1,20,-112,79
1,20,-102,79
1,20,-101,79
1,20,-97,79
1,20,-95,79
1,20,-94,79
1,21,-150,79
1,21,-141,79
1,21,-125,79
1,21,-115,79
1,21,-113,79
1,21,-110,79
1,21,-103,79
1,21,-98,79
1,21,-97,79
1,21,-92,79
1,22,-150,79
1,22,-143,79
1,22,-126,79
1,22,-125,79
1,22,-116,79
1,22,-115,79
1,22,-112,79
1,22,-111,79
1,22,-109,79
1,22,-107,79
1,22,-105,79
1,22,-104,79
1,22,-101,79
1,22,-99,79
1,22,-90,79
1,23,-150,79
1,23,-145,79
1,23,-134,79
1,23,-126,79
1,23,-110,79
1,23,-109,79
1,23,-108,79
1,23,-106,79
1,23,-104,79
1,23,-103,79
1,23,-89,79
1,24,-151,79
1,24,-147,79
1,24,-126,79
1,24,-117,79
1,24,-113,79
1,24,-110,79
1,24,-108,79
1,24,-91,79
1,24,-90,79
1,24,-89,79
1,25,-151,79
1,25,-149,79
1,25,-148,79
1,25,-136,79
1,25,-131,79
1,25,-126,79
1,25,-125,79
1,25,-124,79
1,25,-122,79
1,25,-121,79
1,25,-120,79
1,25,-119,79
1,25,-117,79
1,25,-116,79
1,25,-115,79
1,25,-113,79
1,25,-110,79
1,25,-108,79
1,25,-107,79
1,25,-102,79
1,25,-98,79
1,25,-93,79
1,26,-151,79
1,26,-150,79
1,26,-137,79
1,26,-136,79
1,26,-128,79
1,26,-127,79
1,26,-125,79
1,26,-123,79
1,26,-117,79
1,26,-116,79
1,26,-111,79
1,26,-108,79
1,27,-143,79
1,27,-141,79
1,27,-128,79
1,27,-127,79
1,27,-117,79
1,27,-108,79
1,28,-147,79
1,28,-146,79
1,28,-138,79
1,28,-126,79
1,28,-124,79
1,28,-117,79
1,28,-112,79
1,28,-111,79
1,28,-109,79
1,29,-149,79
1,29,-148,79
1,29,-138,79
1,29,-123,79
1,29,-121,79
1,29,-119,79
1,29,-118,79
1,29,-117,79
1,29,-115,79
1,29,-113,79
1,29,-112,79
1,30,-149,79
1,30,-148,79
1,30,-138,79
1,30,-137,79
1,30,-136,79
1,30,-133,79
1,30,-128,79
1,30,-126,79
1,30,-123,79
1,30,-121,79
1,30,-119,79
1,30,-118,79
1,30,-117,79
1,30,-116,79
1,30,-115,79
1,30,-114,79
1,31,-147,79
1,31,-145,79
1,31,-142,79
1,31,-139,79
1,31,-136,79
1,31,-132,79
1,31,-128,79
1,31,-117,79
