0,18,18,189
0,18,19,189
0,18,20,189
0,19,18,189
0,19,20,189
0,19,21,189
0,20,17,189
0,20,18,189
0,20,21,189
0,20,22,189
0,21,17,189
0,21,22,189
0,22,8,178
0,22,16,189
0,22,22,189
0,23,22,189
0,24,16,189
0,24,22,189
0,25,16,189
0,25,21,189
0,25,22,189
0,26,21,189
0,27,15,189
0,27,20,189
0,28,15,189
0,28,18,189
0,28,19,189
0,28,20,189
0,29,13,189
0,29,14,189
0,29,15,189
0,29,16,189
0,29,17,189
0,30,15,189
0,31,21,178
3,32,27,258
0,33,21,178
4,34,14,219
0,36,21,178
3,36,26,259
4,37,14,219
0,38,21,178
3,38,26,259
4,40,14,219
3,42,26,259
4,43,13,219
0,43,21,178
