-1,-1,-1,-1,-1,-1,-1,-1,-1,-1,-1,-1,-1,-1,-1,-1,-1,-1,-1,-1,-1,-1,-1,-1,-1,-1,-1,-1,-1,-1,-1,-1,-1,-1,-1,-1,-1,-1,-1,-1,-1,-1,-1,-1,-1,-1,-1,-1,-1,-1
-1,-1,-1,-1,-1,-1,-1,-1,-1,-1,-1,-1,-1,-1,-1,-1,-1,-1,-1,-1,-1,-1,-1,-1,-1,-1,-1,-1,-1,-1,-1,-1,-1,-1,-1,-1,-1,-1,-1,-1,-1,-1,-1,-1,-1,-1,-1,-1,-1,-1
-1,-1,-1,-1,-1,-1,-1,-1,-1,-1,-1,-1,-1,-1,-1,-1,-1,-1,-1,-1,-1,-1,-1,-1,-1,-1,-1,-1,-1,-1,-1,-1,-1,-1,-1,-1,-1,-1,-1,-1,-1,-1,-1,-1,-1,-1,-1,-1,-1,-1
-1,-1,-1,-1,-1,-1,-1,-1,-1,-1,-1,-1,-1,-1,-1,-1,-1,-1,-1,-1,-1,-1,-1,-1,-1,-1,-1,-1,-1,-1,-1,-1,-1,-1,-1,-1,-1,-1,-1,-1,-1,-1,-1,-1,-1,-1,-1,-1,-1,-1
-1,-1,-1,-1,-1,-1,-1,-1,-1,-1,-1,-1,-1,-1,-1,-1,-1,-1,-1,-1,-1,-1,-1,-1,-1,-1,-1,-1,-1,-1,-1,-1,-1,-1,-1,-1,-1,-1,-1,-1,-1,-1,-1,-1,-1,-1,-1,-1,-1,-1
-1,-1,-1,-1,-1,-1,-1,-1,-1,-1,-1,-1,-1,-1,-1,-1,-1,-1,-1,-1,-1,-1,-1,-1,-1,-1,-1,-1,-1,-1,-1,-1,-1,-1,-1,-1,-1,-1,-1,-1,-1,-1,-1,-1,-1,-1,-1,-1,-1,-1
-1,-1,-1,-1,-1,-1,-1,-1,-1,-1,-1,-1,-1,-1,-1,-1,-1,-1,-1,-1,-1,-1,-1,-1,-1,-1,-1,-1,-1,-1,-1,-1,-1,-1,-1,-1,-1,-1,-1,-1,-1,-1,-1,-1,-1,-1,-1,-1,-1,-1
-1,-1,-1,-1,-1,-1,-1,-1,-1,-1,-1,-1,-1,-1,-1,-1,-1,-1,-1,-1,-1,-1,-1,-1,-1,-1,-1,-1,-1,-1,-1,-1,-1,-1,-1,-1,-1,-1,-1,-1,-1,-1,-1,-1,-1,-1,-1,-1,-1,-1
-1,-1,-1,-1,-1,-1,-1,-1,-1,-1,-1,-1,-1,-1,-1,-1,-1,-1,-1,-1,-1,-1,-1,-1,-1,-1,-1,-1,-1,-1,-1,-1,-1,-1,-1,-1,-1,-1,-1,-1,-1,-1,-1,-1,-1,-1,-1,-1,-1,-1,55
-1,-1,-1,-1,-1,-1,-1,-1,-1,-1,-1,-1,-1,-1,-1,-1,-1,-1,-1,-1,-1,-1,-1,-1,-1,-1,-1,-1,-1,-1,-1,-1,-1,-1,-1,-1,-1,-1,-1,-1,-1,-1,-1,-1,-1,-1,-1,-1,-1,-1
-1,-1,-1,-1,-1,-1,-1,-1,-1,-1,-1,-1,-1,-1,-1,-1,-1,-1,-1,-1,-1,-1,-1,-1,-1,-1,-1,-1,-1,-1,-1,-1,-1,-1,-1,-1,-1,-1,-1,-1,-1,-1,-1,-1,-1,-1,-1,-1,-1,-1,55,55,55,55,55,55,55,55,55,55,55,55
55,-1,-1,-1,-1,-1,-1,-1,-1,-1,-1,-1,-1,-1,-1,-1,-1,-1,-1,-1,-1,-1,-1,-1,-1,-1,55,55,55,-1,55,55,-1,55,55,55,-1,-1,-1,-1,-1,-1,-1,-1,-1,-1,-1,-1,-1,-1,-1
-1,-1,-1,-1,-1,-1,-1,-1,-1,-1,-1,-1,-1,-1,-1,-1,-1,-1,-1,-1,-1,-1,55,55,-1,-1,-1,-1,-1,-1,-1,-1,-1,-1,-1,-1,55,-1,-1,-1,-1,-1,-1,-1,-1,-1,-1,-1,-1,-1,55,55,55,55,55
-1,-1,-1,-1,-1,-1,-1,-1,-1,-1,-1,-1,-1,-1,-1,-1,-1,-1,-1,-1,55,55,-1,-1,-1,-1,-1,-1,-1,-1,-1,-1,-1,-1,-1,-1,-1,55,-1,55,-1,-1,-1,-1,-1,-1,-1,-1,-1,-1
-1,-1,-1,-1,-1,-1,-1,-1,-1,-1,-1,-1,-1,-1,-1,-1,-1,-1,55,55,-1,-1,-1,-1,-1,-1,55,55,55,55,55,-1,-1,-1,-1,-1,-1,-1,-1,-1,55,-1,-1,-1,-1,-1,-1,-1,-1,-1,55,55,55,55
-1,-1,-1,-1,-1,-1,-1,-1,-1,-1,-1,-1,-1,-1,-1,-1,-1,55,-1,-1,-1,-1,-1,-1,55,55,-1,-1,-1,-1,55,-1,-1,-1,-1,-1,-1,-1,-1,-1,-1,55,-1,-1,-1,-1,-1,-1,-1,-1
-1,-1,-1,-1,-1,-1,-1,-1,-1,-1,-1,-1,-1,-1,-1,-1,55,-1,-1,-1,-1,-1,-1,55,55,-1,-1,-1,-1,-1,-1,55,55,-1,-1,-1,-1,-1,-1,-1,-1,55,55,-1,-1,-1,-1,-1,-1,-1,55,55,55
-1,-1,-1,-1,-1,-1,-1,-1,-1,-1,-1,-1,-1,-1,-1,55,-1,-1,-1,-1,-1,-1,55,55,-1,-1,-1,-1,-1,-1,-1,-1,55,-1,-1,-1,-1,-1,-1,-1,-1,-1,55,-1,-1,-1,-1,-1,-1,-1
-1,-1,-1,-1,-1,-1,-1,-1,-1,-1,-1,-1,-1,-1,55,55,-1,-1,-1,-1,-1,55,-1,-1,-1,-1,-1,-1,-1,-1,-1,-1,-1,55,-1,-1,-1,-1,-1,-1,-1,-1,-1,55,-1,-1,-1,-1,-1,-1,55,55,55
-1,-1,-1,-1,-1,-1,-1,-1,-1,-1,-1,-1,-1,-1,55,-1,-1,-1,-1,-1,55,-1,-1,-1,-1,-1,-1,-1,-1,-1,-1,-1,-1,55,-1,-1,-1,-1,-1,-1,-1,-1,-1,-1,55,-1,-1,-1,-1,-1
-1,-1,-1,-1,-1,-1,-1,-1,-1,-1,-1,-1,-1,55,-1,-1,-1,-1,-1,-1,55,-1,-1,-1,-1,-1,-1,-1,-1,-1,-1,-1,-1,55,-1,-1,-1,-1,-1,-1,-1,-1,-1,-1,55,-1,-1,-1,-1,-1,55,55,55,55,55
-1,-1,-1,-1,-1,-1,-1,-1,-1,-1,-1,-1,-1,55,-1,-1,-1,-1,-1,55,55,-1,55,-1,-1,-1,-1,-1,-1,-1,-1,-1,-1,55,-1,-1,-1,-1,-1,-1,-1,-1,-1,-1,-1,55,-1,-1,-1,-1
-1,-1,-1,-1,-1,-1,-1,-1,-1,-1,-1,-1,-1,55,-1,-1,-1,-1,-1,-1,-1,-1,-1,55,55,-1,-1,-1,-1,-1,-1,-1,-1,55,-1,-1,-1,-1,-1,-1,-1,-1,-1,-1,-1,55,-1,-1,-1,-1
-1,-1,-1,-1,-1,-1,-1,-1,-1,-1,-1,-1,55,-1,-1,-1,-1,-1,-1,-1,-1,-1,-1,-1,-1,55,55,55,55,-1,-1,-1,55,55,-1,-1,-1,-1,-1,-1,-1,-1,-1,-1,-1,55,-1,-1,-1,-1
-1,-1,-1,-1,-1,-1,-1,-1,-1,-1,-1,-1,55,-1,-1,-1,-1,-1,-1,-1,-1,-1,-1,-1,-1,-1,-1,-1,55,55,55,55,55,-1,-1,-1,-1,-1,-1,-1,-1,-1,-1,-1,-1,55,-1,-1,-1,-1,55,55,55
-1,-1,-1,-1,-1,-1,-1,-1,-1,-1,-1,-1,-1,-1,-1,-1,-1,-1,-1,-1,-1,-1,-1,-1,-1,-1,-1,-1,-1,-1,-1,-1,-1,-1,-1,-1,-1,-1,-1,-1,-1,-1,-1,-1,-1,55,-1,-1,-1,-1
-1,-1,-1,-1,-1,-1,-1,-1,-1,-1,-1,-1,55,-1,-1,-1,-1,-1,-1,-1,-1,-1,-1,-1,-1,-1,-1,-1,-1,-1,-1,-1,-1,-1,-1,-1,-1,-1,-1,-1,-1,-1,-1,-1,55,-1,-1,-1,-1,-1,55,55
-1,-1,-1,-1,-1,-1,-1,-1,-1,-1,-1,-1,-1,-1,-1,-1,-1,-1,-1,-1,-1,-1,-1,-1,-1,-1,-1,-1,-1,-1,-1,-1,-1,-1,-1,-1,-1,-1,-1,-1,-1,-1,-1,55,55,-1,-1,-1,-1,-1
-1,-1,-1,-1,-1,-1,-1,-1,-1,-1,-1,-1,55,-1,-1,-1,-1,-1,-1,-1,-1,-1,-1,-1,-1,-1,-1,-1,-1,-1,-1,-1,-1,-1,-1,-1,-1,-1,-1,-1,-1,-1,-1,55,-1,-1,-1,-1,-1,-1,55
-1,-1,-1,-1,-1,-1,-1,-1,-1,-1,-1,-1,55,-1,-1,-1,-1,-1,-1,-1,-1,-1,-1,-1,-1,-1,-1,-1,-1,-1,-1,-1,-1,-1,55,55,-1,-1,-1,-1,-1,-1,-1,55,-1,-1,-1,-1,-1,-1
-1,-1,-1,-1,-1,-1,-1,-1,-1,-1,-1,-1,-1,-1,-1,-1,-1,-1,-1,-1,-1,-1,-1,-1,-1,-1,-1,-1,-1,-1,-1,-1,-1,55,55,-1,-1,-1,-1,-1,-1,-1,55,-1,-1,-1,-1,-1,-1,-1,55,55
-1,-1,-1,-1,-1,-1,-1,-1,-1,-1,-1,-1,55,-1,-1,-1,-1,-1,-1,-1,-1,-1,-1,-1,-1,-1,-1,-1,-1,-1,-1,-1,55,-1,-1,-1,-1,-1,-1,-1,-1,55,-1,-1,-1,-1,-1,-1,-1,-1
-1,-1,-1,-1,-1,-1,-1,-1,-1,-1,-1,-1,-1,-1,-1,-1,-1,-1,-1,-1,-1,-1,-1,-1,-1,-1,-1,-1,-1,-1,55,55,-1,-1,-1,-1,-1,-1,-1,-1,-1,55,-1,-1,-1,-1,-1,-1,-1,-1,55,55
-1,-1,-1,-1,-1,-1,-1,-1,-1,-1,-1,-1,55,-1,-1,-1,-1,-1,-1,-1,-1,-1,-1,-1,-1,-1,-1,-1,-1,55,-1,-1,-1,-1,-1,-1,-1,-1,-1,-1,55,-1,-1,-1,-1,-1,-1,-1,-1,-1
-1,-1,-1,-1,-1,-1,-1,-1,-1,-1,-1,-1,-1,-1,-1,-1,-1,-1,-1,-1,-1,-1,-1,-1,-1,-1,-1,-1,-1,55,-1,-1,-1,-1,-1,-1,-1,-1,-1,-1,-1,-1,-1,-1,-1,-1,-1,-1,-1,-1,55
-1,-1,-1,-1,-1,55,-1,-1,-1,-1,-1,-1,-1,55,-1,-1,-1,-1,-1,-1,-1,-1,-1,-1,-1,-1,-1,-1,55,-1,-1,-1,-1,-1,-1,-1,-1,-1,-1,55,-1,-1,-1,-1,-1,-1,-1,-1,-1,-1
-1,-1,-1,-1,-1,55,-1,-1,-1,-1,-1,-1,-1,-1,-1,-1,-1,-1,-1,-1,-1,-1,-1,-1,-1,-1,-1,-1,-1,-1,-1,-1,-1,-1,-1,-1,-1,-1,-1,-1,-1,-1,-1,-1,-1,-1,-1,-1,-1,-1,55,55,55
-1,-1,-1,-1,-1,55,55,-1,-1,-1,-1,-1,-1,55,-1,-1,-1,-1,-1,-1,-1,-1,-1,-1,-1,-1,-1,55,-1,-1,-1,-1,-1,-1,-1,-1,-1,-1,55,-1,-1,-1,-1,-1,-1,-1,-1,-1,-1,-1
-1,-1,-1,-1,-1,-1,55,-1,-1,-1,-1,-1,-1,-1,-1,-1,-1,-1,-1,-1,-1,-1,-1,-1,-1,-1,55,-1,-1,-1,-1,-1,-1,-1,-1,-1,-1,55,-1,-1,-1,-1,-1,-1,-1,-1,-1,-1,-1,-1,55
-1,-1,-1,-1,-1,-1,55,55,-1,-1,-1,-1,-1,55,-1,-1,-1,-1,-1,-1,-1,-1,-1,-1,-1,-1,55,-1,-1,-1,-1,-1,-1,-1,-1,-1,-1,55,-1,-1,-1,-1,-1,-1,-1,-1,-1,-1,-1,-1
-1,-1,-1,-1,-1,-1,-1,55,-1,-1,-1,-1,-1,-1,-1,-1,-1,-1,-1,-1,-1,-1,-1,-1,-1,55,-1,-1,-1,-1,-1,-1,-1,-1,-1,-1,55,-1,-1,-1,-1,-1,-1,-1,-1,-1,-1,-1,-1,-1,55,55
-1,-1,-1,-1,-1,-1,-1,55,-1,-1,-1,-1,-1,-1,55,-1,-1,-1,-1,-1,-1,-1,-1,-1,-1,55,-1,-1,-1,-1,-1,-1,-1,-1,-1,-1,55,-1,-1,-1,-1,-1,-1,-1,-1,-1,-1,-1,-1,-1
-1,-1,-1,-1,-1,-1,-1,-1,55,-1,-1,-1,-1,-1,55,-1,-1,-1,-1,-1,-1,-1,-1,-1,55,-1,-1,-1,-1,-1,-1,-1,-1,-1,-1,-1,55,-1,-1,-1,-1,-1,-1,-1,-1,-1,-1,-1,-1,-1,55,55,55
-1,-1,-1,-1,-1,-1,-1,-1,-1,55,-1,-1,-1,-1,-1,-1,-1,-1,-1,-1,-1,-1,-1,55,55,-1,-1,-1,-1,-1,-1,-1,-1,-1,-1,55,-1,-1,-1,-1,-1,-1,-1,-1,-1,-1,-1,-1,-1,-1
-1,-1,-1,-1,-1,-1,-1,-1,-1,55,-1,-1,-1,-1,-1,55,-1,-1,-1,-1,-1,-1,-1,55,-1,-1,-1,-1,-1,-1,-1,-1,-1,-1,-1,55,-1,-1,-1,-1,-1,-1,-1,-1,-1,-1,-1,-1,-1,-1,55
-1,-1,-1,-1,-1,-1,-1,-1,-1,-1,55,55,55,-1,-1,55,-1,-1,-1,-1,-1,-1,55,-1,-1,-1,-1,-1,-1,-1,-1,-1,-1,-1,-1,55,-1,-1,-1,-1,-1,-1,-1,-1,-1,-1,-1,-1,-1,-1
-1,-1,-1,-1,-1,-1,-1,-1,-1,-1,-1,-1,55,55,55,55,55,55,55,-1,-1,55,55,-1,-1,-1,-1,-1,-1,-1,-1,-1,-1,-1,55,55,-1,-1,-1,-1,-1,-1,-1,-1,-1,-1,-1,-1,-1,-1,55,55,55
-1,-1,-1,-1,-1,-1,-1,-1,-1,-1,-1,-1,-1,-1,-1,-1,55,-1,55,55,55,55,55,-1,-1,-1,-1,-1,-1,-1,-1,-1,-1,-1,55,-1,-1,-1,-1,-1,-1,-1,-1,-1,-1,-1,-1,-1,-1,-1
-1,-1,-1,-1,-1,-1,-1,-1,-1,-1,-1,-1,-1,-1,-1,-1,55,55,55,55,55,-1,-1,-1,55,55,-1,55,-1,-1,-1,-1,-1,-1,55,-1,-1,-1,-1,-1,-1,-1,-1,-1,-1,-1,-1,-1,-1,-1,55,55,55,55,55
-1,-1,-1,-1,-1,-1,-1,-1,-1,-1,-1,-1,-1,-1,-1,-1,-1,-1,-1,-1,-1,-1,-1,-1,-1,-1,-1,-1,55,55,-1,55,-1,-1,55,-1,-1,-1,-1,-1,-1,-1,-1,-1,-1,-1,-1,-1,-1,-1
55,55,55,55,55,55,55,55,55,55,55
55,55,55,55,55
55,55,55,55,55
55,55,55,55,55,55,55,55
55,55,55,55,55,55,55,55,55,55
55,55,55,55,55,55,55,55,55
55,55,55,55,55,55,55
55,55,55,55,55,55,55
55,55,55
55,55,55,55,55,55,55
55,55,55,55,55,55,55,55,55
55,55,55,55,55,55
55,55,55,55,55,55
55,55,55,55,55,55
55,55,55,55,55,55
55,55,55,55
55,55,55,55,55,55,55,55
55,55,55,55,55
55,55,55,55
55,55,55,55,55
55,55
55,55,55,55,55,55,55
55,55,55,55
55,55,55,55,55
55,55,55,55,55,55,55
55,55,55,55,55
55,55,55,55,55
55,55,55,55
55,55,55,55,55
55,55,55,55
55,55,55
55,55,55,55,55,55
55,55,55,55,55,55,55
55,55,55,55
55,55,55,55,55,55
55,55,55,55,55,55,55,55,55,55,55,55,55,55
55,55,55
55,55,55
55,55,55
55,55,55,55,55,55,55
55
55,55,55,55
55,55,55,55
55,55,55
55,55,55,55,55
55,55,55
55,55,55
55,55,55
55,55,55,55,55
55,55,55
55,55,55,55,55,55
55
55,55,55,55
55,55,55,55,55,55,55
55,55,55
55,55,55,55
55,55,55
55,55,55,55
55,55,55,55,55,55
55,55,55,55,55
55,55,55,55,55
55,55,55,55
55,55,55,55,55
55,55,55,55
55,55,55,55,55
55,55,55,55,55
55,55,55,55
55,55,55,55,55,55,55,55,55,55,55
55,55,55,55
55,55,55,55,55
55,55,55
55
55,55,55,55,55,55,55
55,55
55,55,55,55,55,55
55,55,55,55,55
55,55,55
55,55,55,55,55,55,55
55,55,55,55,55,55,55,55,55,55
55,55
55,55,55,55
55,55,55
55,55
55,55,55,55,55,55
55,55
55,55,55
55,55,55
55,55,55
55,55,55,55
55,55
55,55,55,55,55
55,55
55,55,55,55,55,55
55,55,55
55,55,55,55
55,55,55,55
55,55,55,55
55,55
55,55,55,55,55,55
55,55,55,55
55,55,55,55,55,55
55,55,55
55,55,55,55,55,55
55,55,55,55,55,55,55,55,55,55,55,55,55
55,55,55,55,55,55
55,55,55,55,55,55,55,55,55,55
55,55,55,55,55,55,55,55
55,55,55,55,55,55,55,55,55
55,55,55,55,55,55,55,55,55,55
55,55,55,55,55,55,55,55
55,55,55,55,55,55,55,55,55,55,55,55,55,55,55,55,55,55,55,55
55,55,55,55,55,55,55,55
55,55,55,55,55,55,55,55,55
55,55,55,55,55,55,55
55,55,55,55,55,55,55,55,55,55,55
55,55,55,55,55,55,55,55,55,55,55,55,55
55,55,55,55,55,55,55,55,55,55,55,55,55,55,55,55
55,55,55,55
55,55,55,55
55,55,55,55,55,55
55,55,55
55,55,55,55,55
55,55,55,55,55
55,55,55,55,55,55,55