45,45,45,45,45,45,45
45,45,45
45,45,45,45,45,45,45,45,45
45,45,45,45,45,45,45,45,45,45,45,45,45
45,45,45,45,45,45,45,45,45,45,45,45,45,45,45,45,45,45,45
45,45,45,45,45,45,45,45,45,45,45
45,45,45,45,45,45,45,45,45,45,45,45,45,45,45,45,45,45,45,45,45,45
45,45,45,45,45,45,45,45,45,45,45,45,45,45,45,45,45,45,45,45,45,45,45
45,45,45,45,45,45,45,45,45,45,45,45,45,45,45,45
45,45,45,45,45,45,45,45,45,45,45,45,45,45,45,45,45
45,45,45,45,45,45,45,45,45,45,45,45,45,45,45,45,45,45,45,45,45,45,45,45,45
45,45,45,45,45,45,45,45,45,45,45,45,45,45,45,45,45,45,45,45,45,45,45,45,45,45,45,45,45,45,45,45,45,45,45,45,45,45,45,45
45,45,45,45,45,86,45,45,45,45,45,45,45,45,45,45,45,45,45,45,45,45
45,45,45,45,45,45,45,45,45,45,45,45,45,45,45,45,45
45,45,45,45,45,45,45,45,45,45,45,45,45,45,45,45,45,45,45,45
45,45,45,45,45,86,45,45,45,45,45,45,45,45,45,45,45,45,45,45,45,45,45,45,45,45,45,45
45,45,45,45,45,45,45,45,45,45,45,45,45,45,45,45,45,45,45,45,45,45
45,45,45,45,45,86,45,45,45,45,45,45,45,45,45,45,45
45,45,86,45,45,45,45,45,45,45,45,45,45,45,45
45,45,45,45,45,45,45,45,86,45,45,45,45,45,45,45,45,45,45,45,45,45,45,45,45,45,45,45
45,45,45,45,45,45,45,45,45,45,45,45,45,45,45,45,45,45,45,45
45,45,45,45,45,45,45,86,45,45,45,45,45,45,45,45,45,45,45,45,45,45,45,45,45,45,45
45,45,45,45,45,86,45,45,45,45,45,45,45,45,45,45,45,45,45,45,45,45,45,45
45,45,45,45,45,45,45,45,45,45,45,45,45,45,45,45,45,45,45,45,45
45,45,45,86,45,45,45,45,45,45,45,45,45,45,45,45,45,45,45
45,45,45,45,86,45,45,45,45,45,45,45,45,45,45,45,45
45,45,45,45,45,45,45,45,45,45,45,45,45,45,45,45
45,45,45,45,45,86,45,45,45,45,45,45,45,45,45,45,45,45,45
45,45,45,45,45,45,45,45,45,45,45,45,45,45,45,45,45,45,45
45,45,45,45,45,45,45,86,45,45,45,45,45,45,45,45,45,45,45,45,45,45,45,45,45,45,45,45,45,45,45,45,45,45,45,45
45,45,45,45,45,45,45,45,45,45,45,45,45,45,45,45,45,45,45
45,45,45,45,45,45,45,45,45,45,45,45,45,45,45,45,45,45,45,45,45,45,45
45,45,45,45,45,86,45,45,45,45,45,45,45,45,45,45,45,45,45,45
45,45,45,45,45,45,45,45,45,45,45,45,45,45,45,45,45,45,45,45,45,45,45
45,45,45,45,45,45,45,45,45,45,45,45,45,45,45,45,45,45,45,45,45,45,45,45,45
45,45,45,45,45,45,45,45,45,45,45,45,45,45,45,45,45,45,45,45,45,45,45,45,45,45,45
45,45,45,45,45,45,45,86,45,45,45,45,45,45,45,45,45,45,45,45,45,45,45,45
45,45,45,45,45,45,45,45,45,45,45,45,45,45,45,45,45,45,45,45,45
45,45,45,45,45,45,45,86,45,45,45,45,45,45,45,45,45,45,45,45,45,45,45,45,45,45,45,45,45,45,45,45,45,45,45,45,45,45
45,45,45,45,45,86,45,45,45,45,45,45,45,45,45,45,45,45,45
45,45,45,45,45,45,45,45,45,45,45,45,45,45,45,45,45,45,45,45
45,45,45,45,45,86,45,45,45,45,45,45,45,45,45,45,45,45
45,45,45,45,45,45,45,45,45,45,45,45,45,45,45,45,45,45,45,45,45,45,45
45,45,45,45,45,45,45,45,45,45,45,45,45,45,45,45,45,45,45,45,45,45,45,45,45,45,45,45,45,45
45,45,45,45,45,45,45,45,45,45,45,45,45,45,45,45
45,45,45,45,45,45,45,45,45,45,86,45,45,45,45,45,45,45,45,45,45,45,45,45,45,45,45,45,45,45,45
45,45,86,45,45,45,45,45,45,45,45,45,45,45,45,45,45,45,45,45,45,45,45,45,45
45,45,45,45,86,45,45,45,45,45,45,45,45,45,45,45,45,45,45,45,45,45,45,45,45
45,45,45,86,45,45,45,45,45,45,45,45,45,45,45,45,45,45,45,45,45,45,45,45,45
45,45,86,86,45,45,45,45,45,45,45,45,45,45,45,45,45,45,45,45,45,45,45,45,45,45,45,45
45,45,86,45,45,45,45,86,45,45,45,45,45,45
45,45,45,45,45,86,86,45,86,45,45,45,45,45,45,45,45,45,45
45,45,45,45,45,86,45,45,45,45,45,45,45,45,45,45,45,45,45
45,45,45,45,45,45,86,86,86,86,45,45,45,45,45,45,45,45,45,45,45,45,45
45,45,45,45,45,45,45,45,45,45,45,45,45,45,45,45
45,45,45,45,45,45,45,45,45,45,45,45,45,45,45,45,45,45,45,45,45,45,45
45,45,45,45,45,45,45,45,45,45,45,45,45,45
45,45,45,45,45,45,45,45,45,45,45,45,45,45,45,45,45,45,45,45
45,45,45,45,45,45,45,45,45,45,45,45,45,45,45,45,45,45,45,45,45
45,45,45,45,45,45,45,45,45,45,45,45,45,45,45,45
45,45,45,45,45,45,45,45,45,45,45,45,45,45,45,45,45,45,45,45,45,45
45,45,45,45,45,45,45,45,45,45,45
45,45,45,45,45,45,45,45,45,45,45
45,45,45,45,45,45,45,45
45,45,45,45,45
45,45,45,45,45
45